57
5
100
97
73
46
98
80
79
92
75
86
67
77
59
90
93
9
0
2
93
75
8
0
0
0
0
0
0
0
88
100
100
62
98
91
97
76
99
90
90
100
94
87
49
94
89
93
87
93
80
91
0
62
67
84
31
22
99
100
88
75
97
100
100
100
74
78
89
65
99
99
89
90
88
100
88
6
68
88
77
82
82
65
55
12
20
76
80
83
22
86
71
56
94
78
50
47
54
81
76
61
98
61
90
89
98
100
100
100
100
100
100
100
100
100
100
100
100
100
67
75
39
20
75
100
49
82
78
98
98
100
100
91
96
52
38
4
83
95
87
85
94
99
99
95
98
97
96
100
49
48
96
83
83
100
79
99
32
64
73
99
49
1
0
85
99
100
100
99
99
98
97
4
99
100
100
73
34
90
97
97
98
64
99
99
100
100
98
72
100
100
14
0
81
78
59
84
55
94
96
63
100
54
100
100
100
99
81
49
72
96
74
94
94
93
74
96
97
98
96
67
91
89
93
95
57
100
82
99
100
99
98
100
96
100
100
100
100
100
100
100
100
100
100
100
100
100
