(238.5, 193.5915985107422) (162.3817138671875, 197.4516143798828) (160.5, 193.5915985107422) (1.8817138671875,3.860015869140625)
(237.2180938720703, 187.84262084960938) (188.90760803222656, 191.8514404296875) (195.2180938720703, 187.84262084960938) (-6.31048583984375,4.008819580078125)
(243.5, 190.5915985107422) (181.2630157470703, 191.8424530029297) (183.5, 190.5915985107422) (-2.2369842529296875,1.2508544921875)
(171.2320556640625, 188.9166717529297) (174.13922119140625, 163.65060424804688) (171.2320556640625, 158.9166717529297) (2.90716552734375,4.7339324951171875)
(172.1531524658203, 160.43887329101562) (121.4251937866211, 159.43307495117188) (118.15315246582031, 160.43887329101562) (3.2720413208007812,-1.00579833984375)
(120.68187713623047, 159.31051635742188) (117.52103424072266, 133.0226593017578) (120.68187713623047, 135.31051635742188) (-3.1608428955078125,-2.2878570556640625)
(245.1884002685547, 189.5836639404297) (99.68800354003906, 180.343994140625) (95.18840026855469, 189.5836639404297) (4.499603271484375,-9.239669799804688)
(91.10619354248047, 175.07080078125) (99.66057586669922, 134.2176513671875) (91.10619354248047, 133.07080078125) (8.55438232421875,1.1468505859375)
(98.78813934326172, 127.6836166381836) (98.89826202392578, 128.21151733398438) (92.78813934326172, 127.6836166381836) (6.1101226806640625,0.5279006958007812)
(99.66263580322266, 130.2083282470703) (100.28141784667969, 130.4385223388672) (99.66263580322266, 142.2083282470703) (0.6187820434570312,-11.769805908203125)
(97.92735290527344, 131.92735290527344) (94.37036895751953, 127.97481536865234) (97.92735290527344, 143.92735290527344) (-3.5569839477539062,-15.952537536621094)
(245.94921875, 183.5651092529297) (244.18002319335938, 131.6441650390625) (245.94921875, 129.5651092529297) (-1.769195556640625,2.0790557861328125)
(242.70799255371094, 127.21733093261719) (243.0718994140625, 128.67581176757812) (236.70799255371094, 127.21733093261719) (6.3639068603515625,1.4584808349609375)
(217.74632263183594, 188.72181701660156) (118.9933853149414, 189.10317993164062) (109.74632263183594, 188.72181701660156) (9.247062683105469,0.3813629150390625)
(87.52066040039062, 184.40908813476562) (88.69827270507812, 171.98275756835938) (87.52066040039062, 172.40908813476562) (1.1776123046875,-0.42633056640625)
(90.08917999267578, 172.24269104003906) (108.1866683959961, 176.32167053222656) (114.08917999267578, 172.24269104003906) (-5.9025115966796875,4.0789794921875)
(221.9952392578125, 196.49285888671875) (165.673095703125, 198.5662841796875) (173.9952392578125, 196.49285888671875) (-8.3221435546875,2.07342529296875)(246.16990661621094, 181.68353271484375) (212.113525390625, 180.94564819335938) (216.16990661621094, 181.68353271484375) (-4.0563812255859375,-0.737884521484375)
(218.7823944091797, 190.6100616455078) (249.1336669921875, 198.31353759765625) (260.7823944091797, 190.6100616455078) (-11.648727416992188,7.7034759521484375)
(246.20721435546875, 191.3719482421875) (246.20721435546875, 191.3719482421875) (222.20721435546875, 191.3719482421875) (24.0,0.0)
(247.77996826171875, 171.02239990234375) (247.77996826171875, 171.02239990234375) (223.77996826171875, 171.02239990234375) (24.0,0.0)
(261.71063232421875, 182.56654357910156) (227.13710021972656, 181.09686279296875) (225.71063232421875, 182.56654357910156) (1.4264678955078125,-1.4696807861328125)
(216.080810546875, 177.71212768554688) (254.7410125732422, 39.88104248046875) (216.080810546875, 33.712127685546875) (38.66020202636719,6.168914794921875)
(258.4927673339844, 37.630435943603516) (258.4927673339844, 37.630435943603516) (204.49276733398438, 37.630435943603516) (54.0,0.0)
(258.4927673339844, 37.630435943603516) (258.4927673339844, 37.630435943603516) (204.49276733398438, 37.630435943603516) (54.0,0.0)
(257.79608154296875, 38.727718353271484) (257.79608154296875, 38.727718353271484) (209.79608154296875, 38.727718353271484) (48.0,0.0)
(257.79608154296875, 38.727718353271484) (257.79608154296875, 38.727718353271484) (257.79608154296875, 86.72771835327148) (0.0,-48.0)
(257.79608154296875, 38.727718353271484) (257.79608154296875, 38.727718353271484) (257.79608154296875, 86.72771835327148) (0.0,-48.0)
(257.79608154296875, 38.727718353271484) (257.79608154296875, 38.727718353271484) (257.79608154296875, 86.72771835327148) (0.0,-48.0)
(257.79608154296875, 38.727718353271484) (257.1323547363281, 35.367645263671875) (305.79608154296875, 38.727718353271484) (-48.663726806640625,-3.3600730895996094)
(257.1323547363281, 35.367645263671875) (257.1323547363281, 35.367645263671875) (257.1323547363281, 83.36764526367188) (0.0,-48.0)
(257.1323547363281, 35.367645263671875) (246.97744750976562, 25.958646774291992) (257.1323547363281, 41.367645263671875) (-10.1549072265625,-15.408998489379883)
(246.97744750976562, 25.958646774291992) (246.97744750976562, 25.958646774291992) (168.97744750976562, 25.958646774291992) (78.0,0.0)
(246.97744750976562, 25.958646774291992) (246.97744750976562, 25.958646774291992) (186.97744750976562, 25.958646774291992) (60.0,0.0)
(246.97744750976562, 25.958646774291992) (246.97744750976562, 25.958646774291992) (240.97744750976562, 25.958646774291992) (6.0,0.0)
(246.97744750976562, 25.958646774291992) (246.97744750976562, 25.958646774291992) (240.97744750976562, 25.958646774291992) (6.0,0.0)
(246.97744750976562, 25.958646774291992) (246.97744750976562, 25.958646774291992) (198.97744750976562, 25.958646774291992) (48.0,0.0)
(246.97744750976562, 25.958646774291992) (239.8701934814453, 19.50054931640625) (168.97744750976562, 25.958646774291992) (70.89274597167969,-6.458097457885742)
(253.61376953125, 194.54489135742188) (223.5, 195.5) (229.61376953125, 194.54489135742188) (-6.11376953125,0.955108642578125)
(218.407958984375, 193.54476928710938) (250.24600219726562, 36.626075744628906) (218.407958984375, 43.544769287109375) (31.838043212890625,-6.918693542480469)
(255.0933837890625, 32.91252899169922) (290.3580322265625, 45.50954055786133) (285.0933837890625, 32.91252899169922) (5.2646484375,12.59701156616211)
(256.0954284667969, 188.01527404785156) (255.294921875, 139.43072509765625) (256.0954284667969, 128.01527404785156) (-0.800506591796875,11.415451049804688)
(253.00393676757812, 127.21391296386719) (215.61558532714844, 125.3763427734375) (217.00393676757812, 127.21391296386719) (-1.3883514404296875,-1.8375701904296875)
(269.5057067871094, 202.07225036621094) (269.5057067871094, 202.07225036621094) (269.5057067871094, 130.07225036621094) (0.0,72.0)
(255.80674743652344, 183.41763305664062) (255.80674743652344, 183.41763305664062) (237.80674743652344, 183.41763305664062) (18.0,0.0)
(255.6541748046875, 185.66915893554688) (255.61416625976562, 185.89010620117188) (243.6541748046875, 185.66915893554688) (11.959991455078125,0.220947265625)
(258.1673278808594, 180.13201904296875) (258.1673278808594, 180.13201904296875) (258.1673278808594, 120.13201904296875) (0.0,60.0)
(257.0965270996094, 165.00900268554688) (201.730712890625, 167.87582397460938) (209.09652709960938, 165.00900268554688) (-7.365814208984375,2.8668212890625)
(199.94723510742188, 162.05662536621094) (217.3074188232422, 32.81861114501953) (199.94723510742188, 42.05662536621094) (17.360183715820312,-9.238014221191406)
(219.23667907714844, 39.37298583984375) (216.04994201660156, 45.491886138916016) (219.23667907714844, 51.37298583984375) (-3.186737060546875,-5.881099700927734)
(248.943603515625, 190.26190185546875) (208.93307495117188, 192.1758575439453) (206.943603515625, 190.26190185546875) (1.989471435546875,1.9139556884765625)
(203.269287109375, 188.12417602539062) (215.6565704345703, 48.66035461425781) (203.269287109375, 44.124176025390625) (12.387283325195312,4.5361785888671875)
(210.87161254882812, 42.446407318115234) (183.05845642089844, 41.81343460083008) (180.87161254882812, 42.446407318115234) (2.1868438720703125,-0.6329727172851562)
(175.8207244873047, 41.186275482177734) (111.87346649169922, 32.376869201660156) (103.82072448730469, 41.186275482177734) (8.052742004394531,-8.809406280517578)
(108.29676818847656, 35.63994216918945) (108.29676818847656, 35.63994216918945) (108.29676818847656, 41.63994216918945) (0.0,-6.0)
(254.48062133789062, 184.3488311767578) (204.76881408691406, 189.81317138671875) (212.48062133789062, 184.3488311767578) (-7.7118072509765625,5.4643402099609375)
(205.8813934326172, 188.6866455078125) (205.967041015625, 188.88719177246094) (217.8813934326172, 188.6866455078125) (-11.914352416992188,0.2005462646484375)
(207.38722229003906, 186.9385986328125) (207.44444274902344, 188.04966735839844) (219.38722229003906, 186.9385986328125) (-11.942779541015625,1.1110687255859375)
(207.44444274902344, 188.04966735839844) (207.51455688476562, 188.07142639160156) (219.44444274902344, 188.04966735839844) (-11.929885864257812,0.021759033203125)
(207.51455688476562, 188.07142639160156) (207.51455688476562, 188.07142639160156) (219.51455688476562, 188.07142639160156) (-12.0,0.0)
(207.51455688476562, 188.07142639160156) (208.03990173339844, 187.94723510742188) (219.51455688476562, 188.07142639160156) (-11.474655151367188,-0.1241912841796875)
(208.03990173339844, 187.94723510742188) (208.70147705078125, 187.8540802001953) (220.03990173339844, 187.94723510742188) (-11.338424682617188,-0.0931549072265625)
(208.70147705078125, 187.8540802001953) (209.12791442871094, 187.822998046875) (214.70147705078125, 187.8540802001953) (-5.5735626220703125,-0.0310821533203125)
(209.12791442871094, 187.822998046875) (207.29052734375, 183.91958618164062) (275.12791442871094, 187.822998046875) (-67.83738708496094,-3.903411865234375)
(246.91453552246094, 42.5067138671875) (208.4545440673828, 46.48106002807617) (210.91453552246094, 42.5067138671875) (-2.459991455078125,3.974346160888672)
(203.66416931152344, 50.92634201049805) (211.5078125, 138.2135467529297) (203.66416931152344, 134.92634201049805) (7.8436431884765625,3.2872047424316406)
(208.6931610107422, 136.54393005371094) (209.65185546875, 121.93333435058594) (208.6931610107422, 106.54393005371094) (0.9586944580078125,15.389404296875)
(211.4379425048828, 101.14923095703125) (209.87481689453125, 101.14701843261719) (211.4379425048828, 113.14923095703125) (-1.5631256103515625,-12.002212524414062)
(205.61485290527344, 99.37674713134766) (173.278564453125, 95.17996978759766) (169.61485290527344, 99.37674713134766) (3.6637115478515625,-4.19677734375)
(173.278564453125, 95.17996978759766) (162.4107666015625, 127.04986572265625) (173.278564453125, 101.17996978759766) (-10.8677978515625,25.869895935058594)
(165.5836639404297, 132.06192016601562) (166.0506591796875, 130.40933227539062) (171.5836639404297, 132.06192016601562) (-5.5330047607421875,-1.652587890625)
(165.84107971191406, 128.78164672851562) (165.84107971191406, 128.78164672851562) (165.84107971191406, 68.78164672851562) (0.0,60.0)
(226.68812561035156, 53.602272033691406) (226.68812561035156, 53.602272033691406) (190.68812561035156, 53.602272033691406) (36.0,0.0)
(226.68812561035156, 53.602272033691406) (226.68812561035156, 53.602272033691406) (154.68812561035156, 53.602272033691406) (72.0,0.0)
(245.16412353515625, 48.10559844970703) (198.55984497070312, 53.589447021484375) (197.16412353515625, 48.10559844970703) (1.395721435546875,5.483848571777344)
(190.59727478027344, 56.029930114746094) (196.77996826171875, 189.14097595214844) (190.59727478027344, 200.0299301147461) (6.1826934814453125,-10.888954162597656)
(191.84527587890625, 198.9685516357422) (75.28707122802734, 185.19728088378906) (71.84527587890625, 198.9685516357422) (3.4417953491210938,-13.771270751953125)
(241.8046417236328, 44.19536209106445) (202.05859375, 46.65234375) (199.8046417236328, 44.19536209106445) (2.2539520263671875,2.456981658935547)
(197.8137969970703, 48.79036331176758) (207.89682006835938, 179.5) (197.8137969970703, 192.79036331176758) (10.083023071289062,-13.290363311767578)
(203.4705810546875, 191.3738555908203) (74.45121765136719, 181.01626586914062) (77.4705810546875, 191.3738555908203) (-3.0193634033203125,-10.357589721679688)
(165.89303588867188, 189.5858154296875) (221.19422912597656, 193.8471221923828) (219.89303588867188, 189.5858154296875) (1.3011932373046875,4.2613067626953125)
(159.39974975585938, 182.254150390625) (226.38998413085938, 183.94993591308594) (219.39974975585938, 182.254150390625) (6.990234375,1.6957855224609375)
(163.5, 190.12179565429688) (213.18345642089844, 144.7028350830078) (217.5, 190.12179565429688) (-4.3165435791015625,-45.41896057128906)
(162.1842041015625, 189.35589599609375) (225.10617065429688, 192.29135131835938) (222.1842041015625, 189.35589599609375) (2.921966552734375,2.935455322265625)
(228.0078125, 188.0859375) (239.546875, 56.51953125) (228.0078125, 50.0859375) (11.5390625,6.43359375)
(159.5449981689453, 190.38909912109375) (226.48016357421875, 192.85581970214844) (219.5449981689453, 190.38909912109375) (6.9351654052734375,2.4667205810546875)
(228.6884307861328, 188.8843536376953) (237.4926300048828, 61.46051025390625) (228.6884307861328, 50.88435363769531) (8.80419921875,10.576156616210938)
(235.443603515625, 53.77946853637695) (172.05606079101562, 47.931819915771484) (157.443603515625, 53.77946853637695) (14.612457275390625,-5.847648620605469)
(172.05606079101562, 47.931819915771484) (160.13385009765625, 44.18404006958008) (160.05606079101562, 47.931819915771484) (0.077789306640625,-3.7477798461914062)
(151.06666564941406, 45.122962951660156) (151.70028686523438, 45.122806549072266) (151.06666564941406, 57.122962951660156) (0.6336212158203125,-12.00015640258789)
(158.6094207763672, 180.27735900878906) (212.56121826171875, 182.71151733398438) (218.6094207763672, 180.27735900878906) (-6.0482025146484375,2.4341583251953125)
(159.72035217285156, 178.93008422851562) (160.1295623779297, 179.9157257080078) (165.72035217285156, 178.93008422851562) (-5.590789794921875,0.9856414794921875)
(159.32188415527344, 182.3511505126953) (157.96063232421875, 183.29151916503906) (159.32188415527344, 188.3511505126953) (-1.3612518310546875,-5.05963134765625)
(165.82315063476562, 174.4898223876953) (166.22097778320312, 175.64918518066406) (171.82315063476562, 174.4898223876953) (-5.6021728515625,1.15936279296875)
(166.31297302246094, 175.6488494873047) (166.31297302246094, 175.6488494873047) (172.31297302246094, 175.6488494873047) (-6.0,0.0)
(157.68133544921875, 193.05999755859375) (157.68133544921875, 193.05999755859375) (157.68133544921875, 181.05999755859375) (0.0,12.0)
(153.35475158691406, 194.3467254638672) (93.0, 193.54237365722656) (93.35475158691406, 194.3467254638672) (-0.3547515869140625,-0.804351806640625)
[126.79030227661133, 175.14163970947266] [126.39950942993164, 136.93992614746094] (126.79030227661133, 139.14163970947266) (-0.3907928466796875,-2.2017135620117188)
[194.8140106201172, 182.31739807128906] (195.1713409423828, 177.19314575195312) (194.8140106201172, 182.31739807128906) (0.357330322265625,-5.1242523193359375)
(184.7873077392578, 177.86984252929688) [178.45653533935547, 181.88642120361328] (184.7873077392578, 137.86984252929688) (-6.330772399902344,44.016578674316406)
[179.02506256103516, 182.04541015625] [138.37538146972656, 166.67127990722656] (123.02506256103516, 182.04541015625) (15.350318908691406,-15.374130249023438)
[127.03292465209961, 156.9313735961914] [126.58380126953125, 157.0473861694336] (127.03292465209961, 140.9313735961914) (-0.4491233825683594,16.116012573242188)
[123.18394088745117, 154.5265350341797] [121.33320236206055, 154.6698760986328] (123.18394088745117, 142.5265350341797) (-1.850738525390625,12.143341064453125)
[196.9754409790039, 152.61084747314453] [199.75, 140.73467254638672] (196.9754409790039, 130.61084747314453) (2.7745590209960938,10.123825073242188)
[194.25, 142.5729751586914] [154.03104400634766, 142.8248519897461] (139.25, 142.5729751586914) (14.781044006347656,0.2518768310546875)
[150.75909423828125, 135.8892364501953] (164.3838348388672, 68.6212158203125) (150.75909423828125, 58.88923645019531) (13.624740600585938,9.731979370117188)
[158.8624038696289, 74.5647087097168] [148.25330352783203, 78.41558074951172] (139.8624038696289, 74.5647087097168) (8.390899658203125,3.850872039794922)
[150.7863006591797, 69.5564193725586] [153.5374984741211, 57.76874923706055] (150.7863006591797, 50.556419372558594) (2.7511978149414062,7.212329864501953)
[264.62115478515625, 182.03084564208984] [268.57154846191406, 145.74481201171875] (264.62115478515625, 130.03084564208984) (3.9503936767578125,15.713966369628906)
[243.64603424072266, 172.69126892089844] [147.18773651123047, 172.29326629638672] (142.64603424072266, 172.69126892089844) (4.5417022705078125,-0.39800262451171875)
(197.5098114013672, 133.7941131591797) (160.52830505371094, 133.9339599609375) (150.5098114013672, 133.7941131591797) (10.01849365234375,0.1398468017578125)
(121.3375015258789, 34.59583282470703) [134.00978088378906, 34.83116340637207] (150.3375015258789, 34.59583282470703) (-16.327720642089844,0.23533058166503906)
[137.09593963623047, 34.67825126647949] [136.60416412353516, 40.572025299072266] (137.09593963623047, 58.67825126647949) (-0.4917755126953125,-18.106225967407227)
[136.40367126464844, 45.74583435058594] (135.64501953125, 62.354976654052734) (136.40367126464844, 63.74583435058594) (-0.7586517333984375,-1.3908576965332031)
[35.57392978668213, 100.6250114440918] [43.74123764038086, 100.5953598022461] (150.57392978668213, 100.6250114440918) (-106.83269214630127,-0.029651641845703125)
[67.00077819824219, 179.92678833007812] [142.0560760498047, 180.42483520507812] (145.0007781982422, 179.92678833007812) (-2.9447021484375,0.498046875)
[185.53592681884766, 98.92708206176758] [130.70362091064453, 110.87389373779297] (143.53592681884766, 98.92708206176758) (-12.832305908203125,11.94681167602539)
[186.0970916748047, 188.10397338867188] [186.0970916748047, 188.10397338867188] (186.0970916748047, 188.10397338867188) (0.0,0.0)
[186.0970916748047, 188.10397338867188] [186.0970916748047, 188.10397338867188] (186.0970916748047, 188.10397338867188) (0.0,0.0)
[43.04816246032715, 101.9834976196289] (140.92222595214844, 89.97777557373047) (146.04816246032715, 101.9834976196289) (-5.125936508178711,-12.005722045898438)
[144.37103271484375, 65.57738304138184] [144.32354736328125, 65.31377220153809] (144.37103271484375, 58.577383041381836) (-0.0474853515625,6.73638916015625)
[143.8289566040039, 61.80992889404297] [143.88194274902344, 61.774803161621094] (143.8289566040039, 60.80992889404297) (0.05298614501953125,0.964874267578125)
[264.32017517089844, 197.53911590576172] [256.8410949707031, 51.62199592590332] (264.32017517089844, 58.53911590576172) (-7.4790802001953125,-6.917119979858398)
[256.9077911376953, 51.6175422668457] [153.29409790039062, 40.70589828491211] (144.9077911376953, 51.6175422668457) (8.386306762695312,-10.911643981933594)
[150.99134063720703, 39.85962677001953] [150.3754425048828, 59.89816665649414] (150.99134063720703, 59.85962677001953) (-0.6158981323242188,0.038539886474609375)
[147.13865661621094, 59.608333587646484] (146.81735229492188, 74.37442779541016) (147.13865661621094, 65.60833358764648) (-0.3213043212890625,8.766094207763672)
[145.97373962402344, 71.16565704345703] [145.65816497802734, 60.22673797607422] (145.97373962402344, 56.16565704345703) (-0.31557464599609375,4.0610809326171875)
[144.8624038696289, 55.676828384399414] [144.8624038696289, 55.676828384399414] (144.8624038696289, 57.676828384399414) (0.0,-2.0)
[144.74358367919922, 56.66666603088379] [144.74358367919922, 56.66666603088379] (144.74358367919922, 58.66666603088379) (0.0,-2.0)
[144.66033935546875, 57.14134979248047] [144.60865020751953, 57.09915542602539] (144.66033935546875, 59.14134979248047) (-0.05168914794921875,-2.042194366455078)
[144.6504364013672, 58.0068244934082] [144.6504364013672, 58.0068244934082] (144.6504364013672, 59.0068244934082) (0.0,-1.0)
(144.5749969482422, 63.462501525878906) (144.5749969482422, 63.462501525878906) (144.5749969482422, 64.4625015258789) (0.0,-1.0)
(164.3333282470703, 59.315555572509766) [141.3791046142578, 61.50540351867676] (164.3333282470703, 68.31555557250977) (-22.9542236328125,-6.810152053833008)
[138.05113983154297, 60.3011360168457] [138.05113983154297, 60.3011360168457] (138.05113983154297, 56.3011360168457) (0.0,4.0)
[138.97618865966797, 58.76767539978027] [138.97618865966797, 58.76767539978027] (145.97618865966797, 58.76767539978027) (-7.0,0.0)
[139.5990447998047, 55.52948188781738] [139.5990447998047, 55.52948188781738] (140.5990447998047, 55.52948188781738) (-1.0,0.0)
[139.70702362060547, 55.87721824645996] [116.45746231079102, 117.70569610595703] (139.70702362060547, 117.87721824645996) (-23.249561309814453,-0.1715221405029297)
(122.39922332763672, 85.42247772216797) (115.32777404785156, 188.5) (122.39922332763672, 172.42247772216797) (-7.071449279785156,16.07752227783203)
[273.4250946044922, 178.63465881347656] [279.7314910888672, 71.09813690185547] (273.4250946044922, 64.63465881347656) (6.306396484375,6.463478088378906)
[279.9712677001953, 68.68034362792969] [157.8772964477539, 51.691904067993164] (144.9712677001953, 68.68034362792969) (12.906028747558594,-16.988439559936523)
[153.76687622070312, 48.294328689575195] [182.32451629638672, 49.89270782470703] (188.76687622070312, 48.294328689575195) (-6.442359924316406,1.598379135131836)
[180.73912811279297, 50.59659385681152] [222.63597869873047, 52.39436340332031] (221.73912811279297, 50.59659385681152) (0.8968505859375,1.797769546508789)
[222.25414276123047, 52.433990478515625] [114.88555526733398, 51.60064697265625] (113.25414276123047, 52.433990478515625) (1.6314125061035156,-0.833343505859375)
[96.75737762451172, 136.14149475097656] (102.32600402832031, 100.79486846923828) (96.75737762451172, 95.14149475097656) (5.568626403808594,5.653373718261719)
[102.40848541259766, 100.71849822998047] [102.45436477661133, 100.75595092773438] (102.40848541259766, 96.71849822998047) (0.045879364013671875,4.037452697753906)
(103.0, 103.5) [102.77054595947266, 70.37781524658203] (103.0, 60.5) (-0.22945404052734375,9.877815246582031)
[105.77941131591797, 65.60980224609375] [139.8747787475586, 69.41637802124023] (147.77941131591797, 65.60980224609375) (-7.904632568359375,3.8065757751464844)
[144.60726928710938, 69.56155395507812] [144.60726928710938, 69.56155395507812] (149.60726928710938, 69.56155395507812) (-5.0,0.0)
(140.0425567626953, 67.43617248535156) (140.15017700195312, 67.37728881835938) (150.0425567626953, 67.43617248535156) (-9.892379760742188,-0.0588836669921875)
[144.28490447998047, 68.31515502929688] [141.2556381225586, 103.8614501953125] (144.28490447998047, 116.31515502929688) (-3.029266357421875,-12.453704833984375)
[138.38970947265625, 107.79970932006836] [121.52023696899414, 106.7680778503418] (122.38970947265625, 107.79970932006836) (-0.8694725036621094,-1.0316314697265625)
(280.74359130859375, 184.45191955566406) (280.669921875, 184.42156982421875) (280.74359130859375, 177.45191955566406) (-0.07366943359375,6.9696502685546875)
[281.7083282470703, 186.67247009277344] [281.75355529785156, 186.59707641601562] (281.7083282470703, 182.67247009277344) (0.04522705078125,3.9246063232421875)
[281.6486511230469, 183.55420684814453] [288.7616424560547, 74.07242584228516] (281.6486511230469, 66.55420684814453) (7.1129913330078125,7.518218994140625)
[287.4644012451172, 74.46887588500977] [159.6978302001953, 59.44902038574219] (143.4644012451172, 74.46887588500977) (16.233428955078125,-15.019855499267578)
[154.40789794921875, 59.20643997192383] [154.50296020507812, 79.86491394042969] (154.40789794921875, 87.20643997192383) (0.095062255859375,-7.341526031494141)
(153.00732421875, 75.17216491699219) [150.79938507080078, 92.64809036254883] (153.00732421875, 96.17216491699219) (-2.2079391479492188,-3.5240745544433594)
[150.9528045654297, 92.81908798217773] [150.9528045654297, 92.81908798217773] (150.9528045654297, 97.81908798217773) (0.0,-5.0)
[132.75, 71.15891647338867] (130.92982482910156, 97.89824676513672) (132.75, 108.15891647338867) (-1.8201751708984375,-10.260669708251953)
[128.0961799621582, 103.04298400878906] [54.78104591369629, 100.12908554077148] (54.0961799621582, 103.04298400878906) (0.6848659515380859,-2.913898468017578)
[51.203989028930664, 99.09566879272461] [134.3439483642578, 100.21032333374023] (136.20398902893066, 99.09566879272461) (-1.8600406646728516,1.114654541015625)
[131.84966278076172, 97.65063858032227] [128.5, 48.15891456604004] (131.84966278076172, 41.650638580322266) (-3.3496627807617188,6.508275985717773)
[130.82939529418945, 47.2242546081543] [130.9534912109375, 47.199968338012695] (137.82939529418945, 47.2242546081543) (-6.875904083251953,-0.024286270141601562)
(126.32982635498047, 43.76140213012695) [131.4511489868164, 43.89084243774414] (130.32982635498047, 43.76140213012695) (1.1213226318359375,0.1294403076171875)
(127.00374603271484, 43.947566986083984) [182.8041229248047, 42.17697525024414] (192.00374603271484, 43.947566986083984) (-9.199623107910156,-1.7705917358398438)
[148.89675903320312, 56.958112716674805] (134.01852416992188, 124.64506530761719) (148.89675903320312, 108.9581127166748) (-14.87823486328125,15.686952590942383)
[135.177490234375, 49.78181457519531] [135.38157653808594, 100.91045379638672] (135.177490234375, 110.78181457519531) (0.2040863037109375,-9.871360778808594)
(115.10465240478516, 33.62403106689453) (111.69629669189453, 64.74444580078125) (115.10465240478516, 81.62403106689453) (-3.408355712890625,-16.87958526611328)
[111.23958587646484, 71.4756088256836] [111.19395065307617, 71.48214340209961] (111.23958587646484, 74.4756088256836) (-0.045635223388671875,-2.9934654235839844)
(111.02083587646484, 66.72569274902344) (111.02083587646484, 66.72569274902344) (111.02083587646484, 80.72569274902344) (0.0,-14.0)
(111.32600402832031, 76.77289581298828) (111.32600402832031, 76.77289581298828) (111.32600402832031, 84.77289581298828) (0.0,-8.0)
[111.16346740722656, 72.11114501953125] (117.41573333740234, 72.59175872802734) (111.16346740722656, 152.11114501953125) (6.252265930175781,-79.5193862915039)
[116.9295539855957, 42.688419342041016] (115.48809814453125, 80.59127044677734) (116.9295539855957, 86.68841934204102) (-1.4414558410644531,-6.097148895263672)
[115.91837310791016, 75.35503387451172] (110.20175170898438, 139.6008758544922) (115.91837310791016, 148.35503387451172) (-5.716621398925781,-8.754158020019531)
[105.42647171020508, 134.20413208007812] [50.28793525695801, 139.07791900634766] (40.42647171020508, 134.20413208007812) (9.86146354675293,4.873786926269531)
(113.7803955078125, 27.941177368164062) [110.96111297607422, 76.86873245239258] (113.7803955078125, 82.94117736816406) (-2.8192825317382812,-6.072444915771484)
[110.84709930419922, 79.17921829223633] [110.8560791015625, 79.21919250488281] (110.84709930419922, 88.17921829223633) (0.00897979736328125,-8.960025787353516)
[111.46039581298828, 80.6258773803711] [103.63357543945312, 154.02648162841797] (111.46039581298828, 162.6258773803711) (-7.826820373535156,-8.599395751953125)
[103.36736679077148, 155.28067779541016] [102.0509262084961, 175.57967376708984] (103.36736679077148, 180.28067779541016) (-1.3164405822753906,-4.7010040283203125)
[98.41300201416016, 174.27246856689453] (98.84644317626953, 163.75656127929688) (98.41300201416016, 172.27246856689453) (0.433441162109375,-8.515907287597656)
(90.28937530517578, 165.45420837402344) (43.4507942199707, 160.996826171875) (36.28937530517578, 165.45420837402344) (7.161418914794922,-4.4573822021484375)
[36.3688907623291, 163.64411163330078] [36.65310287475586, 176.72737884521484] (36.3688907623291, 181.64411163330078) (0.2842121124267578,-4.9167327880859375)
[38.218589782714844, 177.74803924560547] [49.945905685424805, 178.377197265625] (46.218589782714844, 177.74803924560547) (3.727315902709961,0.6291580200195312)
[45.20269012451172, 180.1781005859375] [45.20269012451172, 180.1781005859375] (40.20269012451172, 180.1781005859375) (5.0,0.0)
[43.32493591308594, 181.3829345703125] [35.8468656539917, 180.93305206298828] (42.32493591308594, 181.3829345703125) (-6.478070259094238,-0.44988250732421875)
[39.33180046081543, 179.25961303710938] [81.99446487426758, 180.9102554321289] (85.33180046081543, 179.25961303710938) (-3.3373355865478516,1.6506423950195312)
[86.06491088867188, 185.73070526123047] [86.06491088867188, 185.73070526123047] (99.06491088867188, 185.73070526123047) (-13.0,0.0)
[76.24587631225586, 184.06008911132812] [53.35939979553223, 183.40767669677734] (43.24587631225586, 184.06008911132812) (10.113523483276367,-0.6524124145507812)
[47.851680755615234, 172.73853302001953] [47.83490562438965, 172.70465087890625] (42.851680755615234, 172.73853302001953) (4.983224868774414,-0.03388214111328125)
[34.00310516357422, 180.53662872314453] [34.61309814453125, 205.25755310058594] (34.00310516357422, 215.53662872314453) (0.6099929809570312,-10.279075622558594)
[60.09108924865723, 201.51769256591797] [60.777374267578125, 169.80197143554688] (60.09108924865723, 176.51769256591797) (0.6862850189208984,-6.715721130371094)
[58.564109802246094, 171.7537078857422] (58.204891204833984, 171.87461853027344) (42.564109802246094, 171.7537078857422) (15.64078140258789,0.12091064453125)
[48.299560546875, 173.98057556152344] [48.299560546875, 173.98057556152344] (48.299560546875, 180.98057556152344) (0.0,-7.0)
[46.584096908569336, 175.9302520751953] [46.584096908569336, 175.9302520751953] (46.584096908569336, 180.9302520751953) (0.0,-5.0)
(42.599998474121094, 174.742431640625) [66.18608474731445, 174.25399017333984] (73.5999984741211, 174.742431640625) (-7.413913726806641,-0.48844146728515625)
[72.7488899230957, 175.9514617919922] [88.015625, 175.67881774902344] (89.7488899230957, 175.9514617919922) (-1.7332649230957031,-0.27264404296875)
[94.7344970703125, 175.81321716308594] [94.7344970703125, 175.81321716308594] (100.7344970703125, 175.81321716308594) (-6.0,0.0)
[95.37164688110352, 177.66666412353516] (106.59175872802734, 176.76779174804688) (112.37164688110352, 177.66666412353516) (-5.779888153076172,-0.8988723754882812)
(110.67222595214844, 176.5) [121.03440856933594, 175.11872100830078] (115.67222595214844, 176.5) (5.3621826171875,-1.3812789916992188)
(132.371337890625, 174.59356689453125) [126.76325607299805, 174.78907012939453] (143.371337890625, 174.59356689453125) (-16.608081817626953,0.19550323486328125)
[128.58682250976562, 178.2682342529297] [143.928466796875, 176.5604705810547] (146.58682250976562, 178.2682342529297) (-2.658355712890625,-1.707763671875)
[152.23819732666016, 175.98339080810547] (161.94737243652344, 176.1666717529297) (158.23819732666016, 175.98339080810547) (3.7091751098632812,0.18328094482421875)
[153.67171478271484, 180.53711700439453] [153.66500091552734, 180.47844696044922] (153.67171478271484, 186.53711700439453) (-0.0067138671875,-6.0586700439453125)
[282.8389892578125, 188.71035766601562] [144.0381851196289, 198.18295288085938] (140.8389892578125, 188.71035766601562) (3.1991958618164062,9.47259521484375)
[134.77774047851562, 198.81397247314453] [26.145310401916504, 197.1814727783203] (35.777740478515625, 198.81397247314453) (-9.632430076599121,-1.6324996948242188)
[30.77155113220215, 194.7586212158203] [46.81721496582031, 193.97671508789062] (49.77155113220215, 194.7586212158203) (-2.954336166381836,-0.7819061279296875)
[51.57575798034668, 193.8660125732422] [50.5, 194.0] (49.57575798034668, 193.8660125732422) (0.9242420196533203,0.1339874267578125)
[51.53599739074707, 189.94292449951172] [51.53599739074707, 189.94292449951172] (51.53599739074707, 174.94292449951172) (0.0,15.0)
[49.53963851928711, 191.50183868408203] [49.53963851928711, 191.50183868408203] (42.53963851928711, 191.50183868408203) (7.0,0.0)
[48.80606651306152, 191.60186004638672] [48.80606651306152, 191.60186004638672] (43.80606651306152, 191.60186004638672) (5.0,0.0)
[47.075897216796875, 189.72127532958984] [46.23450469970703, 189.84657287597656] (34.075897216796875, 189.72127532958984) (12.158607482910156,0.12529754638671875)
[45.96955108642578, 188.12339782714844] [45.96955108642578, 188.12339782714844] (45.96955108642578, 177.12339782714844) (0.0,11.0)
[45.33333396911621, 185.63836669921875] [45.33333396911621, 185.63836669921875] (45.33333396911621, 182.63836669921875) (0.0,3.0)
(43.113094329833984, 186.0625) [77.07471466064453, 186.7699203491211] (79.11309432983398, 186.0625) (-2.038379669189453,0.7074203491210938)
[262.10357666015625, 163.46979522705078] (209.52830505371094, 163.9339599609375) (193.10357666015625, 163.46979522705078) (16.424728393554688,0.46416473388671875)
[197.12757873535156, 166.02413940429688] (199.61000061035156, 195.88999938964844) (197.12757873535156, 199.02413940429688) (2.482421875,-3.1341400146484375)
[213.4031753540039, 76.44779968261719] (210.67266845703125, 189.18618774414062) (213.4031753540039, 198.4477996826172) (-2.7305068969726562,-9.261611938476562)
[205.5680160522461, 196.82596588134766] [53.12461853027344, 193.58562469482422] (44.568016052246094, 196.82596588134766) (8.556602478027344,-3.2403411865234375)
(54.576324462890625, 195.57632446289062) [54.590620040893555, 189.96617126464844] (54.576324462890625, 180.57632446289062) (0.014295578002929688,9.389846801757812)
[54.632619857788086, 189.93187713623047] [54.612321853637695, 189.34168243408203] (54.632619857788086, 178.93187713623047) (-0.020298004150390625,10.409805297851562)
[52.554697036743164, 191.61837768554688] [52.18592834472656, 191.65865325927734] (42.554697036743164, 191.61837768554688) (9.631231307983398,0.04027557373046875)
[51.98347473144531, 190.3351593017578] [51.08024978637695, 175.28123474121094] (51.98347473144531, 174.3351593017578) (-0.9032249450683594,0.946075439453125)
[48.87544250488281, 182.42018127441406] [48.51848220825195, 206.2300262451172] (48.87544250488281, 211.42018127441406) (-0.3569602966308594,-5.190155029296875)
[270.39076232910156, 189.758056640625] (150.3516845703125, 200.2538299560547) (141.39076232910156, 189.758056640625) (8.960922241210938,10.495773315429688)
[39.82931137084961, 188.50052642822266] [39.606056213378906, 209.85455322265625] (39.82931137084961, 209.50052642822266) (-0.22325515747070312,0.35402679443359375)
[42.48302459716797, 207.663818359375] [43.090620040893555, 207.55270385742188] (51.48302459716797, 207.663818359375) (-8.392404556274414,-0.111114501953125)
[40.93583869934082, 205.16366577148438] [40.83333396911621, 204.80660247802734] (40.93583869934082, 203.16366577148438) (-0.10250473022460938,1.6429367065429688)
[44.786508560180664, 205.32962799072266] [172.43690490722656, 198.25831604003906] (169.78650856018066, 205.32962799072266) (2.6503963470458984,-7.071311950683594)
[165.76785278320312, 201.0745620727539] [34.59499931335449, 202.2050018310547] (39.767852783203125, 201.0745620727539) (-5.172853469848633,1.1304397583007812)
[32.81576347351074, 198.6132354736328] (32.0, 179.5) (32.81576347351074, 175.6132354736328) (-0.8157634735107422,3.8867645263671875)
(41.83641815185547, 175.3518524169922) [78.55294418334961, 174.6931915283203] (79.83641815185547, 175.3518524169922) (-1.2834739685058594,-0.658660888671875)
[77.03653717041016, 178.2941436767578] [76.28666305541992, 210.96500396728516] (77.03653717041016, 211.2941436767578) (-0.7498741149902344,-0.32913970947265625)
[78.72587203979492, 209.3168716430664] [79.16492080688477, 209.1332244873047] (87.72587203979492, 209.3168716430664) (-8.560951232910156,-0.18364715576171875)
[77.16002655029297, 207.15593719482422] [77.0786018371582, 206.6158447265625] (77.16002655029297, 204.15593719482422) (-0.08142471313476562,2.4599075317382812)
[80.78698348999023, 207.37698364257812] [172.99717712402344, 199.3301239013672] (169.78698348999023, 207.37698364257812) (3.210193634033203,-8.046859741210938)
[165.89678955078125, 199.00067138671875] [47.346153259277344, 198.75] (43.89678955078125, 199.00067138671875) (3.4493637084960938,-0.25067138671875)
[48.84488487243652, 194.94357299804688] [48.78841209411621, 171.0001220703125] (48.84488487243652, 173.94357299804688) (-0.0564727783203125,-2.943450927734375)
[208.40438079833984, 157.38497161865234] [135.03437042236328, 159.62683868408203] (131.40438079833984, 157.38497161865234) (3.6299896240234375,2.2418670654296875)
[134.74617767333984, 156.16502380371094] (155.11764526367188, 46.88725662231445) (134.74617767333984, 40.16502380371094) (20.37146759033203,6.722232818603516)
(61.343040466308594, 107.15210723876953) (88.2978744506836, 121.56382751464844) (82.3430404663086, 107.15210723876953) (5.954833984375,14.411720275878906)
[82.2607536315918, 121.47151947021484] [82.2607536315918, 121.47151947021484] (82.2607536315918, 127.47151947021484) (0.0,-6.0)
[82.14393997192383, 122.1988639831543] [79.79265213012695, 174.22615814208984] (82.14393997192383, 177.1988639831543) (-2.351287841796875,-2.972705841064453)
(123.36458587646484, 43.19791793823242) (156.21595764160156, 45.93427276611328) (161.36458587646484, 43.19791793823242) (-5.148628234863281,2.7363548278808594)
(146.27642822265625, 45.82926940917969) [130.12538146972656, 189.88742065429688] (146.27642822265625, 193.8292694091797) (-16.151046752929688,-3.9418487548828125)
[130.72069931030273, 189.493896484375] [252.50880432128906, 191.63562774658203] (249.72069931030273, 189.493896484375) (2.788105010986328,2.1417312622070312)
[251.15872955322266, 194.68118286132812] [251.05795288085938, 195.3454818725586] (251.15872955322266, 197.68118286132812) (-0.10077667236328125,-2.3357009887695312)
[125.845458984375, 38.005388259887695] [268.6758270263672, 41.948991775512695] (268.845458984375, 38.005388259887695) (-0.1696319580078125,3.943603515625)
[119.7841796875, 32.9560432434082] [269.91212463378906, 32.548988342285156] (266.7841796875, 32.9560432434082) (3.1279449462890625,-0.4070549011230469)
[269.5451354980469, 36.416189193725586] [279.41969299316406, 196.12876892089844] (269.5451354980469, 196.4161891937256) (9.874557495117188,-0.28742027282714844)
[119.60401916503906, 48.42528533935547] [177.14795684814453, 40.25] (191.60401916503906, 48.42528533935547) (-14.456062316894531,-8.175285339355469)
[176.33113861083984, 43.37675094604492] [177.0436248779297, 194.92493438720703] (176.33113861083984, 196.37675094604492) (0.7124862670898438,-1.4518165588378906)
[178.5840072631836, 192.68706512451172] [260.3028869628906, 186.13265991210938] (269.5840072631836, 192.68706512451172) (-9.281120300292969,-6.554405212402344)
[47.65114974975586, 97.98762130737305] (69.74906158447266, 95.54681396484375) (68.65114974975586, 97.98762130737305) (1.0979118347167969,-2.440807342529297)
[73.8949966430664, 99.08568572998047] [73.8949966430664, 99.08568572998047] (73.8949966430664, 109.08568572998047) (0.0,-10.0)
[74.24981307983398, 99.68948745727539] [74.24981307983398, 99.68948745727539] (74.24981307983398, 108.68948745727539) (0.0,-9.0)
(64.7744140625, 99.13804626464844) (64.3721694946289, 99.18122863769531) (59.7744140625, 99.13804626464844) (4.597755432128906,0.043182373046875)
[71.98397445678711, 101.45602416992188] [80.02909088134766, 158.83843994140625] (71.98397445678711, 165.45602416992188) (8.045116424560547,-6.617584228515625)
(76.8591079711914, 160.85910034179688) (123.5, 162.0) (135.8591079711914, 160.85910034179688) (-12.359107971191406,1.140899658203125)
[122.05608749389648, 162.30272674560547] [122.05608749389648, 162.30272674560547] (137.05608749389648, 162.30272674560547) (-15.0,0.0)
[119.35397720336914, 160.07186889648438] (118.6483154296875, 152.2538299560547) (119.35397720336914, 141.07186889648438) (-0.7056617736816406,11.181961059570312)
[121.65219497680664, 144.58333587646484] [139.91110229492188, 145.12468719482422] (143.65219497680664, 144.58333587646484) (-3.7410926818847656,0.541351318359375)
[36.271799087524414, 100.01050567626953] [38.577327728271484, 162.16366577148438] (36.271799087524414, 166.01050567626953) (2.3055286407470703,-3.8468399047851562)
[40.0949821472168, 159.6572265625] [156.22579193115234, 160.6262969970703] (163.0949821472168, 159.6572265625) (-6.869190216064453,0.9690704345703125)
[156.17142486572266, 160.59813690185547] [156.2480010986328, 160.6569061279297] (162.17142486572266, 160.59813690185547) (-5.923423767089844,0.05876922607421875)
[153.08154296875, 158.10979461669922] (174.7873077392578, 36.130157470703125) (153.08154296875, 75.10979461669922) (21.705764770507812,-38.979637145996094)
(116.84644317626953, 31.288389205932617) [237.38915252685547, 34.91835021972656] (232.84644317626953, 31.288389205932617) (4.5427093505859375,3.6299610137939453)
[236.27941131591797, 39.52450942993164] [233.8717041015625, 157.7099838256836] (236.27941131591797, 165.52450942993164) (-2.4077072143554688,-7.814525604248047)
[230.08509063720703, 162.6704330444336] [216.67346954345703, 162.10374450683594] (205.08509063720703, 162.6704330444336) (11.58837890625,-0.5666885375976562)
[203.59679412841797, 158.24935913085938] [203.5580596923828, 158.2391128540039] (203.59679412841797, 157.24935913085938) (-0.03873443603515625,0.9897537231445312)
[203.6616668701172, 157.6826934814453] [202.20609283447266, 47.62083053588867] (203.6616668701172, 43.68269348144531) (-1.4555740356445312,3.9381370544433594)
[198.48711395263672, 46.02345657348633] [146.28179931640625, 48.5415153503418] (130.48711395263672, 46.02345657348633) (15.794685363769531,2.5180587768554688)
[136.4851531982422, 47.80444526672363] [254.98907470703125, 36.44136428833008] (257.4851531982422, 47.80444526672363) (-2.4960784912109375,-11.363080978393555)
[117.58333206176758, 29.578889846801758] [119.177490234375, 65.57034683227539] (117.58333206176758, 66.57888984680176) (1.5941581726074219,-1.0085430145263672)
[121.31416320800781, 63.49691200256348] [261.46600341796875, 46.87600135803223] (263.3141632080078, 63.49691200256348) (-1.8481597900390625,-16.62091064453125)
(128.5, 30.682170867919922) (140.07662963867188, 30.681991577148438) (153.5, 30.682170867919922) (-13.423370361328125,-0.000179290771484375)
[143.09233856201172, 33.07561016082764] [142.68695068359375, 57.51806640625] (143.09233856201172, 61.07561016082764) (-0.40538787841796875,-3.5575437545776367)
(140.8745574951172, 46.85304641723633) (253.2255859375, 47.86195373535156) (253.8745574951172, 46.85304641723633) (-0.6489715576171875,1.0089073181152344)
[283.2712707519531, 67.85283660888672] [282.72198486328125, 160.09557342529297] (283.2712707519531, 160.85283660888672) (-0.549285888671875,-0.75726318359375)
[284.56292724609375, 154.21416473388672] [284.52647399902344, 154.28014373779297] (284.56292724609375, 152.21416473388672) (-0.0364532470703125,2.06597900390625)
[129.44098663330078, 25.047710418701172] [133.0833511352539, 59.61322784423828] (129.44098663330078, 57.04771041870117) (3.642364501953125,2.5655174255371094)
(131.09132385253906, 56.283103942871094) (164.4923095703125, 50.64102554321289) (174.09132385253906, 56.283103942871094) (-9.599014282226562,-5.642078399658203)
(129.2711181640625, 45.608890533447266) (164.4791717529297, 47.5) (265.2711181640625, 45.608890533447266) (-100.79194641113281,1.8911094665527344)
[132.15223693847656, 42.921836853027344] (269.3367004394531, 50.77104187011719) (269.15223693847656, 42.921836853027344) (0.1844635009765625,7.849205017089844)
[125.07079696655273, 35.60004425048828] [265.1470642089844, 27.2161865234375] (268.07079696655273, 35.60004425048828) (-2.9237327575683594,-8.383857727050781)
[264.5963134765625, 32.31852626800537] [278.3103485107422, 158.81615447998047] (264.5963134765625, 161.31852626800537) (13.714035034179688,-2.5023717880249023)
[126.1099624633789, 37.79678726196289] [272.4479217529297, 41.67013931274414] (268.1099624633789, 37.79678726196289) (4.337959289550781,3.87335205078125)
[271.52154541015625, 46.31852722167969] [279.5388946533203, 154.27800750732422] (271.52154541015625, 157.3185272216797) (8.017349243164062,-3.0405197143554688)
[275.7455596923828, 153.29053497314453] [275.2696228027344, 153.2126922607422] (260.7455596923828, 153.29053497314453) (14.524063110351562,-0.07784271240234375)
(123.89138793945312, 36.996253967285156) [269.31182861328125, 38.42594528198242] (271.8913879394531, 36.996253967285156) (-2.579559326171875,1.4296913146972656)
[274.9800720214844, 42.64157295227051] [280.6617431640625, 158.0604248046875] (274.9800720214844, 157.6415729522705) (5.681671142578125,0.4188518524169922)
[122.30997085571289, 45.99188995361328] [265.5675354003906, 48.35503959655762] (269.3099708557129, 45.99188995361328) (-3.7424354553222656,2.363149642944336)
[265.3975372314453, 52.210439682006836] [277.176025390625, 156.15234375] (265.3975372314453, 158.21043968200684) (11.778488159179688,-2.058095932006836)
[117.15000915527344, 33.93472862243652] [254.11235809326172, 38.63356018066406] (263.15000915527344, 33.93472862243652) (-9.037651062011719,4.698831558227539)
[120.20757293701172, 33.78912353515625] [259.57520294189453, 27.9475736618042] (264.2075729370117, 33.78912353515625) (-4.6323699951171875,-5.841549873352051)
[116.505615234375, 32.014129638671875] [252.63754272460938, 31.224109649658203] (261.505615234375, 32.014129638671875) (-8.868072509765625,-0.7900199890136719)
[245.1266860961914, 155.74939727783203] [245.1266860961914, 155.74939727783203] (234.1266860961914, 155.74939727783203) (11.0,0.0)
[246.82508850097656, 157.9386444091797] [246.8728790283203, 158.52281188964844] (246.82508850097656, 164.9386444091797) (0.04779052734375,-6.41583251953125)
(123.24014282226562, 40.609317779541016) [272.981201171875, 40.81639289855957] (274.2401428222656, 40.609317779541016) (-1.258941650390625,0.2070751190185547)
[256.7234573364258, 147.39370727539062] [238.2249984741211, 145.5449981689453] (235.72345733642578, 147.39370727539062) (2.5015411376953125,-1.8487091064453125)
[233.3930892944336, 173.06390380859375] (232.30612182617188, 192.07142639160156) (233.3930892944336, 201.06390380859375) (-1.0869674682617188,-8.992477416992188)
[110.8764419555664, 34.10707664489746] [269.7205810546875, 31.653374671936035] (262.8764419555664, 34.10707664489746) (6.844139099121094,-2.453701972961426)
[123.91626739501953, 40.589290618896484] (45.63849639892578, 186.63380432128906) (148.91626739501953, 40.589290618896484) (-103.27777099609375,146.04451370239258)
(151.4871826171875, 38.88461685180664) [263.64459228515625, 29.38971710205078] (262.4871826171875, 38.88461685180664) (1.15740966796875,-9.49489974975586)
[264.2450408935547, 33.20692825317383] [255.57543182373047, 90.46063232421875] (264.2450408935547, 159.20692825317383) (-8.669609069824219,-68.74629592895508)
[120.08358383178711, 34.08704376220703] [260.9036407470703, 35.41983413696289] (265.0835838317871, 34.08704376220703) (-4.179943084716797,1.3327903747558594)
[125.67171859741211, 31.200751304626465] (248.98130798339844, 22.109033584594727) (264.6717185974121, 31.200751304626465) (-15.690410614013672,-9.091717720031738)
[121.33942413330078, 39.35384559631348] [267.09352111816406, 29.398286819458008] (270.3394241333008, 39.35384559631348) (-3.2459030151367188,-9.955558776855469)
[115.93899536132812, 38.72608757019043] [259.8812026977539, 30.1746768951416] (262.9389953613281, 38.72608757019043) (-3.0577926635742188,-8.551410675048828)
(129.27853393554688, 51.771690368652344) [265.3995056152344, 57.20327186584473] (262.2785339355469, 51.771690368652344) (3.1209716796875,5.431581497192383)
(125.74242401123047, 32.85353469848633) [258.60608673095703, 46.04989242553711] (257.74242401123047, 32.85353469848633) (0.8636627197265625,13.196357727050781)
[129.56604766845703, 59.180803298950195] [197.82460021972656, 58.96825408935547] (198.56604766845703, 59.180803298950195) (-0.7414474487304688,-0.21254920959472656)
[114.73660659790039, 35.00374984741211] [252.79750061035156, 36.032711029052734] (261.7366065979004, 35.00374984741211) (-8.939105987548828,1.028961181640625)
[131.75423431396484, 33.008474349975586] [205.16366577148438, 32.508975982666016] (263.75423431396484, 33.008474349975586) (-58.59056854248047,-0.4994983673095703)
[205.16366577148438, 32.508975982666016] [252.87295532226562, 30.58364200592041] (257.1636657714844, 32.508975982666016) (-4.29071044921875,-1.9253339767456055)
[258.8936462402344, 33.0015869140625] [258.2843322753906, 53.28778648376465] (258.8936462402344, 55.0015869140625) (-0.60931396484375,-1.7138004302978516)
[260.2925567626953, 51.867753982543945] [278.52598571777344, 50.744882583618164] (288.2925567626953, 51.867753982543945) (-9.766571044921875,-1.1228713989257812)
[285.35498046875, 54.46194267272949] [298.3822784423828, 155.5439224243164] (285.35498046875, 160.4619426727295) (13.027297973632812,-4.918020248413086)
[116.91254806518555, 58.08575248718262] [116.91254806518555, 58.08575248718262] (126.91254806518555, 58.08575248718262) (-10.0,0.0)
[116.92288589477539, 58.120445251464844] [116.93192672729492, 58.15877151489258] (128.9228858947754, 58.120445251464844) (-11.990959167480469,0.038326263427734375)
[113.93289566040039, 58.31459999084473] [114.19912338256836, 47.19400215148926] (113.93289566040039, 37.31459999084473) (0.26622772216796875,9.879402160644531)
[116.92261123657227, 45.6954460144043] [121.42223739624023, 45.55630111694336] (131.92261123657227, 45.6954460144043) (-10.500373840332031,-0.1391448974609375)
[121.11812210083008, 40.16634941101074] [121.11812210083008, 40.16634941101074] (131.11812210083008, 40.16634941101074) (-10.0,0.0)
[124.6020622253418, 58.167646408081055] [133.06327056884766, 58.163818359375] (132.6020622253418, 58.167646408081055) (0.4612083435058594,-0.0038280487060546875)
[144.0, 56.5] [144.15074920654297, 28.97274875640869] (144.0, 35.5) (0.15074920654296875,-6.527251243591309)
[140.24424743652344, 20.936954498291016] [139.08245849609375, 64.47478485107422] (140.24424743652344, 28.936954498291016) (-1.1617889404296875,35.5378303527832)
[129.42380905151367, 56.095237731933594] [149.6460418701172, 57.78458023071289] (137.42380905151367, 56.095237731933594) (12.222232818603516,1.6893424987792969)
[127.00627136230469, 55.83379554748535] [142.93573760986328, 56.07319450378418] (143.0062713623047, 55.83379554748535) (-0.07053375244140625,0.23939895629882812)
[122.84811401367188, 53.935760498046875] [152.41461181640625, 54.499162673950195] (136.84811401367188, 53.935760498046875) (15.566497802734375,0.5634021759033203)
[134.57032775878906, 52.69961738586426] [228.46353912353516, 48.98356056213379] (258.57032775878906, 52.69961738586426) (-30.106788635253906,-3.7160568237304688)
[228.91078186035156, 49.20961570739746] [290.50213623046875, 50.01115036010742] (257.91078186035156, 49.20961570739746) (32.59135437011719,0.8015346527099609)
[290.1673126220703, 53.16479301452637] [109.85895538330078, 40.75383758544922] (256.1673126220703, 53.16479301452637) (-146.30835723876953,-12.410955429077148)
[112.8272590637207, 35.343048095703125] [289.6043243408203, 46.454423904418945] (129.8272590637207, 35.343048095703125) (159.7770652770996,11.11137580871582)
[114.31135559082031, 51.82509231567383] [156.2096176147461, 50.56162452697754] (160.3113555908203, 51.82509231567383) (-4.101737976074219,-1.263467788696289)
[130.93758010864258, 56.388132095336914] [242.85546112060547, 67.32876586914062] (256.9375801086426, 56.388132095336914) (-14.08211898803711,10.940633773803711)
[254.88095092773438, 78.3563461303711] [257.3983154296875, 133.38198852539062] (254.88095092773438, 116.3563461303711) (2.517364501953125,17.02564239501953)
[128.61078262329102, 53.912132263183594] [255.0025863647461, 59.993330001831055] (258.610782623291, 53.912132263183594) (-3.608196258544922,6.081197738647461)
[259.0948791503906, 62.077558517456055] [168.53249740600586, 94.2643814086914] (259.0948791503906, 163.07755851745605) (-90.56238174438477,-68.81317710876465)
[125.66359329223633, 50.10767936706543] [158.18241119384766, 49.34745788574219] (165.66359329223633, 50.10767936706543) (-7.481182098388672,-0.7602214813232422)
[158.1351547241211, 49.37796592712402] [253.35848236083984, 49.55125427246094] (257.1351547241211, 49.37796592712402) (-3.77667236328125,0.17328834533691406)
[119.48634338378906, 42.10909461975098] [250.44091796875, 49.10491180419922] (257.48634338378906, 42.10909461975098) (-7.0454254150390625,6.995817184448242)
[255.4971694946289, 51.2542724609375] [255.5345001220703, 51.29069709777832] (255.4971694946289, 63.2542724609375) (0.03733062744140625,-11.96357536315918)
[117.29069900512695, 44.93410873413086] [264.2861633300781, 55.059898376464844] (260.29069900512695, 44.93410873413086) (3.995464324951172,10.125789642333984)
[124.46006774902344, 63.16691207885742] [124.46006774902344, 63.16691207885742] (134.46006774902344, 63.16691207885742) (-10.0,0.0)
[120.72998046875, 47.9112548828125] [120.32304000854492, 58.039215087890625] (120.72998046875, 56.9112548828125) (-0.4069404602050781,1.127960205078125)
[121.2125015258789, 56.65170478820801] [255.05406951904297, 61.342864990234375] (261.2125015258789, 56.65170478820801) (-6.1584320068359375,4.691160202026367)
[256.54144287109375, 62.54241752624512] [256.54144287109375, 62.54241752624512] (256.54144287109375, 73.54241752624512) (0.0,-11.0)
[257.41646575927734, 62.89875411987305] [257.45987701416016, 62.89068794250488] (262.41646575927734, 62.89875411987305) (-4.9565887451171875,-0.008066177368164062)
[256.34297943115234, 157.16223907470703] [233.48082733154297, 156.50481414794922] (232.34297943115234, 157.16223907470703) (1.137847900390625,-0.6574249267578125)
[236.0, 177.91000366210938] [236.13453674316406, 177.84225463867188] (244.0, 177.91000366210938) (-7.8654632568359375,-0.0677490234375)
[237.17813873291016, 179.25240325927734] [236.76415252685547, 200.7938995361328] (237.17813873291016, 201.25240325927734) (-0.4139862060546875,-0.45850372314453125)
[115.76099014282227, 37.13521766662598] [261.30321502685547, 31.57755756378174] (260.76099014282227, 37.13521766662598) (0.5422248840332031,-5.557660102844238)
[251.40856170654297, 155.45751190185547] [240.5011444091797, 155.19998168945312] (233.40856170654297, 155.45751190185547) (7.092582702636719,-0.25753021240234375)
[127.60528945922852, 35.00149726867676] [263.71826171875, 34.85691452026367] (263.6052894592285, 35.00149726867676) (0.11297225952148438,-0.14458274841308594)
[269.8416442871094, 159.21385192871094] [234.88008880615234, 155.733642578125] (234.84164428710938, 159.21385192871094) (0.03844451904296875,-3.4802093505859375)
[238.08164978027344, 179.3644790649414] [238.08164978027344, 179.3644790649414] (245.08164978027344, 179.3644790649414) (-7.0,0.0)
[139.20237731933594, 52.75714302062988] [261.30175018310547, 51.554561614990234] (261.20237731933594, 52.75714302062988) (0.09937286376953125,-1.2025814056396484)
[253.9101791381836, 150.30794525146484] [253.9101791381836, 150.30794525146484] (243.9101791381836, 150.30794525146484) (10.0,0.0)
[112.42770767211914, 39.94036674499512] [264.08848571777344, 37.90292167663574] (260.42770767211914, 39.94036674499512) (3.660778045654297,-2.037445068359375)
[257.53609466552734, 148.77609252929688] [257.49691009521484, 148.78772735595703] (245.53609466552734, 148.77609252929688) (11.9608154296875,0.01163482666015625)
[275.86293029785156, 181.95482635498047] [279.3201904296875, 48.89206314086914] (275.86293029785156, 44.95482635498047) (3.4572601318359375,3.937236785888672)
[270.4068603515625, 190.46701049804688] [262.9116668701172, 189.96088409423828] (252.4068603515625, 190.46701049804688) (10.504806518554688,-0.5061264038085938)
[260.32521057128906, 187.14879608154297] [259.7279052734375, 46.93063545227051] (260.32521057128906, 37.14879608154297) (-0.5973052978515625,9.781839370727539)
[259.09954833984375, 45.252113342285156] [209.44805145263672, 43.95778465270996] (147.09954833984375, 45.252113342285156) (62.34850311279297,-1.2943286895751953)
[252.0017318725586, 186.46241760253906] [252.0, 124.00912857055664] (252.0017318725586, 113.46241760253906) (-0.00173187255859375,10.546710968017578)
[186.20190048217773, 126.44810485839844] [182.12857818603516, 81.9322395324707] (189.20190048217773, 126.44810485839844) (-7.073322296142578,-44.515865325927734)
[282.1231231689453, 197.43025970458984] [271.59239196777344, 51.9206485748291] (282.1231231689453, 52.430259704589844) (-10.530731201171875,-0.5096111297607422)
[273.7271270751953, 196.09967041015625] [286.50848388671875, 48.26242256164551] (273.7271270751953, 44.09967041015625) (12.781356811523438,4.162752151489258)
[282.4891815185547, 185.88141632080078] [231.75628662109375, 187.6782684326172] (227.4891815185547, 185.88141632080078) (4.2671051025390625,1.7968521118164062)
[267.9897918701172, 179.53362274169922] [277.4253234863281, 42.47995567321777] (267.9897918701172, 39.53362274169922) (9.435531616210938,2.9463329315185547)
[270.7874450683594, 189.92982482910156] [276.24107360839844, 47.001909255981445] (270.7874450683594, 42.92982482910156) (5.4536285400390625,4.072084426879883)
[261.74810791015625, 182.99484252929688] [275.28802490234375, 39.127262115478516] (261.74810791015625, 35.994842529296875) (13.5399169921875,3.1324195861816406)
[129.63582611083984, 50.44534492492676] [129.63582611083984, 50.44534492492676] (129.63582611083984, 62.44534492492676) (0.0,-12.0)
[131.927490234375, 48.48142623901367] [230.15302276611328, 55.41658973693848] (231.927490234375, 48.48142623901367) (-1.7744674682617188,6.935163497924805)
[231.62545776367188, 58.68568229675293] [230.63558197021484, 134.75240325927734] (231.62545776367188, 144.68568229675293) (-0.9898757934570312,-9.933279037475586)
[228.13397979736328, 134.9335174560547] [169.72345733642578, 134.3643569946289] (188.13397979736328, 134.9335174560547) (-18.4105224609375,-0.5691604614257812)
[168.25, 136.25] [167.05528259277344, 188.3145523071289] (168.25, 172.25) (-1.1947174072265625,16.064552307128906)
[114.52825164794922, 36.73124027252197] [113.96835708618164, 58.05520057678223] (114.52825164794922, 59.73124027252197) (-0.5598945617675781,-1.676039695739746)
[116.87015533447266, 55.65891456604004] [237.5, 62.920454025268555] (233.87015533447266, 55.65891456604004) (3.6298446655273438,7.261539459228516)
[236.46146392822266, 65.8343734741211] [234.25, 142.25] (236.46146392822266, 143.8343734741211) (-2.2114639282226562,-1.5843734741210938)
[232.2372817993164, 140.85431671142578] [171.17584228515625, 138.41603088378906] (203.2372817993164, 140.85431671142578) (-32.061439514160156,-2.4382858276367188)
[125.5162467956543, 39.815107345581055] [207.48329162597656, 43.96726036071777] (233.5162467956543, 39.815107345581055) (-26.032955169677734,4.152153015136719)
[206.80304718017578, 46.902944564819336] [204.8992691040039, 67.98380279541016] (206.80304718017578, 69.90294456481934) (-1.903778076171875,-1.9191417694091797)
[120.60044860839844, 42.843074798583984] [228.787353515625, 45.80192184448242] (234.60044860839844, 42.843074798583984) (-5.8130950927734375,2.9588470458984375)
[231.1699981689453, 50.0] [230.25, 146.0] (231.1699981689453, 148.0) (-0.9199981689453125,-2.0)
[227.0596466064453, 146.4278335571289] [213.8095245361328, 145.3605499267578] (209.0596466064453, 146.4278335571289) (4.7498779296875,-1.0672836303710938)
[213.07317352294922, 142.5617446899414] [213.07317352294922, 142.5617446899414] (213.07317352294922, 138.5617446899414) (0.0,4.0)
[210.5017318725586, 142.96241760253906] [166.5381317138672, 137.96432495117188] (187.5017318725586, 142.96241760253906) (-20.963600158691406,-4.9980926513671875)
[162.26433563232422, 171.28477478027344] [162.26433563232422, 171.28477478027344] (169.26433563232422, 171.28477478027344) (-7.0,0.0)
[158.54712677001953, 174.77880859375] [157.5750961303711, 183.34632873535156] (158.54712677001953, 191.77880859375) (-0.9720306396484375,-8.432479858398438)
[158.94379425048828, 185.5367889404297] [158.94379425048828, 185.5367889404297] (168.94379425048828, 185.5367889404297) (-10.0,0.0)
[158.94379425048828, 185.5367889404297] [159.06947326660156, 185.4384765625] (169.94379425048828, 185.5367889404297) (-10.874320983886719,-0.0983123779296875)
[156.55288696289062, 189.04326629638672] [156.51415252685547, 189.03302001953125] (156.55288696289062, 192.04326629638672) (-0.03873443603515625,-3.0102462768554688)
[193.4126739501953, 190.36692810058594] [193.43995666503906, 190.08843994140625] (193.4126739501953, 181.36692810058594) (0.02728271484375,8.721511840820312)
[196.77706909179688, 191.6386260986328] [219.5998992919922, 194.32843017578125] (218.77706909179688, 191.6386260986328) (0.8228302001953125,2.6898040771484375)
[118.90891647338867, 40.40891456604004] [249.4428253173828, 43.7065544128418] (259.9089164733887, 40.40891456604004) (-10.46609115600586,3.297639846801758)
[251.48563385009766, 46.75948143005371] [234.5109634399414, 194.95274353027344] (251.48563385009766, 165.7594814300537) (-16.97467041015625,29.193262100219727)
[234.3327865600586, 198.35952758789062] [234.3327865600586, 198.35952758789062] (234.3327865600586, 208.35952758789062) (0.0,-10.0)
[238.24225616455078, 196.17188262939453] [238.28226470947266, 196.17718505859375] (248.24225616455078, 196.17188262939453) (-9.959991455078125,0.00530242919921875)
[236.77861785888672, 198.71573638916016] [236.77861785888672, 198.71573638916016] (236.77861785888672, 207.71573638916016) (0.0,-9.0)
[240.83245849609375, 196.89122772216797] [240.96078491210938, 196.92156982421875] (246.83245849609375, 196.89122772216797) (-5.871673583984375,0.03034210205078125)
[239.84963989257812, 199.42308044433594] [239.84963989257812, 199.42308044433594] (239.84963989257812, 202.42308044433594) (0.0,-3.0)
[243.5347900390625, 198.43851470947266] [243.5347900390625, 198.43851470947266] (250.5347900390625, 198.43851470947266) (-7.0,0.0)
[242.50679779052734, 201.05046844482422] [242.50679779052734, 201.05046844482422] (242.50679779052734, 204.05046844482422) (0.0,-3.0)
[121.69910049438477, 33.29821968078613] [261.0516052246094, 38.614112854003906] (261.69910049438477, 33.29821968078613) (-0.6474952697753906,5.315893173217773)
[259.13729095458984, 159.42190551757812] [240.40438842773438, 159.74820709228516] (232.13729095458984, 159.42190551757812) (8.267097473144531,0.32630157470703125)
[240.40438842773438, 159.74820709228516] [235.92276763916016, 159.85773468017578] (236.40438842773438, 159.74820709228516) (-0.48162078857421875,0.109527587890625)
[237.82333374023438, 162.86333465576172] [237.04421997070312, 205.4948959350586] (237.82333374023438, 186.86333465576172) (-0.77911376953125,18.631561279296875)
[241.08324432373047, 203.10088348388672] [280.21922302246094, 204.50454711914062] (283.08324432373047, 203.10088348388672) (-2.8640213012695312,1.4036636352539062)
[115.13297653198242, 38.33924674987793] [256.2832794189453, 31.127805709838867] (259.1329765319824, 38.33924674987793) (-2.8496971130371094,-7.2114410400390625)
[257.03855895996094, 33.42985820770264] [183.38613510131836, 140.1665267944336] (257.03855895996094, 161.42985820770264) (-73.65242385864258,-21.263331413269043)
[120.30423736572266, 28.777718544006348] [120.38492202758789, 28.722403526306152] (133.30423736572266, 28.777718544006348) (-12.919315338134766,-0.05531501770019531)
[119.36809158325195, 29.97041416168213] [117.62896728515625, 55.57322883605957] (119.36809158325195, 62.97041416168213) (-1.7391242980957031,-7.397185325622559)
[120.12186431884766, 59.72772979736328] [247.0860824584961, 75.47802352905273] (260.12186431884766, 59.72772979736328) (-13.035781860351562,15.750293731689453)
[252.08163452148438, 78.5711898803711] [234.29837036132812, 204.75228118896484] (252.08163452148438, 163.5711898803711) (-17.78326416015625,41.18109130859375)
[291.34083557128906, 88.30480575561523] [281.1551208496094, 159.8666763305664] (291.34083557128906, 163.30480575561523) (-10.185714721679688,-3.438129425048828)
[255.5520248413086, 153.72728729248047] [232.46344757080078, 152.8094253540039] (235.5520248413086, 153.72728729248047) (-3.0885772705078125,-0.9178619384765625)
[234.73474884033203, 155.76090240478516] [233.6642074584961, 199.19690704345703] (234.73474884033203, 186.76090240478516) (-1.0705413818359375,12.436004638671875)
[266.7881622314453, 199.5381622314453] [266.7881622314453, 199.5381622314453] (266.7881622314453, 184.5381622314453) (0.0,15.0)
[130.06151580810547, 40.86222267150879] [263.6024475097656, 43.8070182800293] (261.06151580810547, 40.86222267150879) (2.5409317016601562,2.944795608520508)
[257.4862823486328, 142.84220123291016] [234.07797241210938, 141.77564239501953] (228.4862823486328, 142.84220123291016) (5.5916900634765625,-1.066558837890625)
[235.9159164428711, 144.3613739013672] [235.9159164428711, 144.3613739013672] (235.9159164428711, 159.3613739013672) (0.0,-15.0)
[234.28651428222656, 142.80231475830078] [234.2652359008789, 142.834228515625] (231.28651428222656, 142.80231475830078) (2.9787216186523438,0.03191375732421875)
[235.38389587402344, 164.91500091552734] [235.40421295166016, 164.87946319580078] (242.38389587402344, 164.91500091552734) (-6.979682922363281,-0.0355377197265625)
[233.86167907714844, 166.82018280029297] [224.92353057861328, 197.3175277709961] (233.86167907714844, 198.82018280029297) (-8.938148498535156,-1.502655029296875)
[233.12457275390625, 197.50083923339844] [233.17457580566406, 197.49819946289062] (243.12457275390625, 197.50083923339844) (-9.949996948242188,-0.0026397705078125)
[232.54986572265625, 198.7135238647461] [232.51593017578125, 198.7604751586914] (232.54986572265625, 200.7135238647461) (-0.033935546875,-1.9530487060546875)
[125.08928680419922, 52.20436477661133] [257.44295501708984, 55.08200263977051] (260.0892868041992, 52.20436477661133) (-2.646331787109375,2.8776378631591797)
[248.29763793945312, 153.63835906982422] [239.8103790283203, 153.08611297607422] (230.29763793945312, 153.63835906982422) (9.512741088867188,-0.55224609375)
[238.6630859375, 152.84864044189453] [237.1602020263672, 152.77703857421875] (230.6630859375, 152.84864044189453) (6.4971160888671875,-0.07160186767578125)
[238.23118591308594, 155.65888214111328] [236.9566650390625, 186.4092788696289] (238.23118591308594, 186.65888214111328) (-1.2745208740234375,-0.249603271484375)
[122.41964721679688, 52.55618667602539] [254.52120971679688, 56.6287784576416] (261.4196472167969, 52.55618667602539) (-6.8984375,4.072591781616211)
[253.4031753540039, 58.57913780212402] [240.44509887695312, 151.0073699951172] (253.4031753540039, 151.57913780212402) (-12.958076477050781,-0.5717678070068359)
[239.25, 149.71088409423828] [239.25, 149.71088409423828] (228.25, 149.71088409423828) (11.0,0.0)
[239.25, 149.71088409423828] [228.26571655273438, 148.1617202758789] (228.25, 149.71088409423828) (0.015716552734375,-1.549163818359375)
[230.61135864257812, 186.39772033691406] [240.4976806640625, 186.44058227539062] (237.61135864257812, 186.39772033691406) (2.886322021484375,0.0428619384765625)
[122.54656600952148, 52.547298431396484] [265.1800537109375, 60.3250675201416] (261.5465660095215, 52.547298431396484) (3.6334877014160156,7.777769088745117)
[262.8935852050781, 146.45276641845703] [240.0311279296875, 143.89617156982422] (231.89358520507812, 146.45276641845703) (8.137542724609375,-2.5565948486328125)
[241.45651245117188, 147.03792572021484] [241.44212341308594, 147.0712890625] (241.45651245117188, 160.03792572021484) (-0.0143890380859375,-12.966636657714844)
[239.70609283447266, 145.3831787109375] [239.70609283447266, 145.3831787109375] (233.70609283447266, 145.3831787109375) (6.0,0.0)
[241.03302764892578, 148.4354705810547] [238.07946014404297, 189.25873565673828] (241.03302764892578, 175.4354705810547) (-2.9535675048828125,13.823265075683594)
[238.07946014404297, 189.25873565673828] [241.63206481933594, 188.10166931152344] (240.0, 193.53911590576172) (1.6320648193359375,-5.437446594238281)
[240.05066680908203, 190.21324157714844] [240.05066680908203, 190.21324157714844] (240.05066680908203, 194.21324157714844) (0.0,-4.0)
[243.81090545654297, 189.00943756103516] [243.84864044189453, 189.0] (253.81090545654297, 189.00943756103516) (-9.962265014648438,-0.00943756103515625)
[242.29513549804688, 191.09547424316406] [242.29513549804688, 191.09547424316406] (242.29513549804688, 193.09547424316406) (0.0,-2.0)
[118.24991989135742, 43.1674919128418] [271.2195587158203, 56.052703857421875] (268.2499198913574, 43.1674919128418) (2.9696388244628906,12.885211944580078)
[257.71839141845703, 142.31258392333984] [246.52867889404297, 140.92971801757812] (238.71839141845703, 142.31258392333984) (7.8102874755859375,-1.3828659057617188)
[247.98013305664062, 143.73013305664062] [248.09488677978516, 144.40160369873047] (247.98013305664062, 151.73013305664062) (0.11475372314453125,-7.328529357910156)
[245.9456558227539, 142.64398956298828] [245.94477081298828, 142.68222045898438] (238.9456558227539, 142.64398956298828) (6.999114990234375,0.03823089599609375)
[247.4568862915039, 145.21477508544922] [243.08094787597656, 187.16820526123047] (247.4568862915039, 165.21477508544922) (-4.375938415527344,21.95343017578125)
[243.08094787597656, 187.16820526123047] [294.4495391845703, 190.02294158935547] (245.2158203125, 190.9993667602539) (49.23371887207031,-0.9764251708984375)
[120.91067886352539, 42.95468330383301] [261.4881286621094, 54.186744689941406] (264.9106788635254, 42.95468330383301) (-3.4225502014160156,11.232061386108398)
[116.92630767822266, 44.46040153503418] [274.99114990234375, 37.43067932128906] (265.92630767822266, 44.46040153503418) (9.064842224121094,-7.029722213745117)
[277.61549377441406, 150.03699493408203] [238.60028839111328, 147.67501068115234] (239.61549377441406, 150.03699493408203) (-1.0152053833007812,-2.3619842529296875)
[240.1467056274414, 148.82461547851562] [238.86764526367188, 191.9558868408203] (240.1467056274414, 169.82461547851562) (-1.2790603637695312,22.131271362304688)
[266.74737548828125, 192.6577911376953] [280.63250732421875, 191.57975006103516] (287.74737548828125, 192.6577911376953) (-7.1148681640625,-1.0780410766601562)
[118.6814193725586, 45.08965492248535] [118.6814193725586, 45.08965492248535] (118.6814193725586, 59.08965492248535) (0.0,-14.0)
[115.79205322265625, 37.27557182312012] [239.71637725830078, 18.73245620727539] (264.79205322265625, 37.27557182312012) (-25.07567596435547,-18.543115615844727)
[207.00232696533203, 51.645742416381836] [219.19739532470703, 50.17009353637695] (214.00232696533203, 51.645742416381836) (5.195068359375,-1.4756488800048828)
[219.19739532470703, 50.17009353637695] [258.84851837158203, 43.79057502746582] (264.19739532470703, 50.17009353637695) (-5.348876953125,-6.379518508911133)
[126.14392471313477, 38.78080940246582] [263.43621826171875, 26.393651962280273] (271.14392471313477, 38.78080940246582) (-7.707706451416016,-12.387157440185547)
[118.2138786315918, 42.42153358459473] [141.32860565185547, 38.43537139892578] (264.2138786315918, 42.42153358459473) (-122.88527297973633,-3.9861621856689453)
[122.1024398803711, 41.124114990234375] [134.12461853027344, 38.90239143371582] (264.1024398803711, 41.124114990234375) (-129.97782135009766,-2.2217235565185547)
[116.22958374023438, 33.25333213806152] [137.59596252441406, 29.46723461151123] (261.2295837402344, 33.25333213806152) (-123.63362121582031,-3.786097526550293)
[129.27006149291992, 30.22994041442871] [129.27006149291992, 30.22994041442871] (265.2700614929199, 30.22994041442871) (-136.0,0.0)
[128.8039894104004, 32.22822380065918] [128.8039894104004, 32.22822380065918] (266.8039894104004, 32.22822380065918) (-138.0,0.0)
[116.16287612915039, 39.08333396911621] [130.5566291809082, 43.67272758483887] (263.1628761291504, 39.08333396911621) (-132.6062469482422,4.589393615722656)
[119.27659606933594, 42.88515090942383] [119.27659606933594, 42.88515090942383] (119.27659606933594, 60.88515090942383) (0.0,-18.0)
[114.8224105834961, 38.9295539855957] [141.16326141357422, 47.86664390563965] (262.8224105834961, 38.9295539855957) (-121.65914916992188,8.937089920043945)
[141.16326141357422, 47.86664390563965] [144.26467895507812, 48.935672760009766] (264.1632614135742, 47.86664390563965) (-119.8985824584961,1.0690288543701172)
[110.25414276123047, 41.0] [119.65190124511719, 43.8763370513916] (264.25414276123047, 41.0) (-144.60224151611328,2.8763370513916016)
[114.74268341064453, 47.809608459472656] [124.45744323730469, 50.687726974487305] (265.74268341064453, 47.809608459472656) (-141.28524017333984,2.8781185150146484)
[112.71913146972656, 48.57545280456543] [228.55228424072266, 56.532779693603516] (264.71913146972656, 48.57545280456543) (-36.166847229003906,7.957326889038086)
[245.5768280029297, 55.16674613952637] [245.66835021972656, 145.8644790649414] (245.5768280029297, 147.16674613952637) (0.091522216796875,-1.302267074584961)
[142.70481872558594, 35.5481595993042] [141.4605255126953, 48.57134819030762] (142.70481872558594, 60.5481595993042) (-1.244293212890625,-11.976811408996582)
[143.13555908203125, 40.72489929199219] [141.13491821289062, 58.70833396911621] (143.13555908203125, 60.72489929199219) (-2.000640869140625,-2.0165653228759766)
[191.94593811035156, 41.73337936401367] [191.94593811035156, 41.73337936401367] (275.94593811035156, 41.73337936401367) (-84.0,0.0)
[295.22877502441406, 39.739234924316406] [295.22877502441406, 39.739234924316406] (295.22877502441406, 145.7392349243164) (0.0,-106.0)
[136.4756088256836, 43.085365295410156] [182.0, 47.5] (266.4756088256836, 43.085365295410156) (-84.4756088256836,4.414634704589844)
[293.2962646484375, 55.97499465942383] [293.28929138183594, 55.93807411193848] (293.2962646484375, 155.97499465942383) (-0.0069732666015625,-100.03692054748535)
[292.7846374511719, 59.36039161682129] [291.78857421875, 59.0748405456543] (263.7846374511719, 59.36039161682129) (28.003936767578125,-0.2855510711669922)
[286.8989715576172, 51.26763916015625] [286.8989715576172, 51.26763916015625] (286.8989715576172, 147.26763916015625) (0.0,-96.0)
[286.8989715576172, 51.26763916015625] [283.1001281738281, 72.6416015625] (286.8989715576172, 94.26763916015625) (-3.7988433837890625,-21.62603759765625)
[160.08341217041016, 37.72821044921875] [160.08341217041016, 37.72821044921875] (160.08341217041016, 60.72821044921875) (0.0,-23.0)
[159.92913818359375, 60.70930290222168] [159.92913818359375, 60.70930290222168] (263.92913818359375, 60.70930290222168) (-104.0,0.0)
[285.591064453125, 71.41752624511719] [285.591064453125, 71.41752624511719] (285.591064453125, 147.4175262451172) (0.0,-76.0)
[121.36610412597656, 39.63696479797363] [121.40891647338867, 39.59108543395996] (266.36610412597656, 39.63696479797363) (-144.9571876525879,-0.045879364013671875)
[144.0, 40.51301193237305] [154.09456634521484, 40.06782341003418] (123.06825256347656, 43.165475845336914) (31.02631378173828,-3.0976524353027344)
[280.8949737548828, 47.237714767456055] [284.7698516845703, 76.40342712402344] (280.8949737548828, 150.23771476745605) (3.8748779296875,-73.83428764343262)
[285.0047607421875, 77.60128402709961] [294.09617614746094, 141.15442657470703] (285.0047607421875, 148.6012840270996) (9.091415405273438,-7.446857452392578)
[261.88592529296875, 144.2398910522461] [261.9743347167969, 144.2371063232422] (261.88592529296875, 151.2398910522461) (0.088409423828125,-7.002784729003906)
[258.3956604003906, 144.0473403930664] [239.0308837890625, 143.97543334960938] (237.39566040039062, 144.0473403930664) (1.635223388671875,-0.07190704345703125)
[238.50465393066406, 145.6186065673828] [240.43904876708984, 183.50289154052734] (238.50465393066406, 170.6186065673828) (1.9343948364257812,12.884284973144531)
[122.6744155883789, 38.5121955871582] [132.25191497802734, 35.3447380065918] (263.6744155883789, 38.5121955871582) (-131.42250061035156,-3.1674575805664062)
[132.25191497802734, 35.3447380065918] [152.32256317138672, 29.404414176940918] (264.25191497802734, 35.3447380065918) (-111.92935180664062,-5.940323829650879)
[150.9587631225586, 33.18224906921387] [160.07347869873047, 64.39874649047852] (150.9587631225586, 65.18224906921387) (9.114715576171875,-0.7835025787353516)
[138.61984252929688, 197.1746063232422] [135.72206115722656, 189.07134246826172] (138.61984252929688, 141.1746063232422) (-2.8977813720703125,47.89673614501953)
[139.63518524169922, 188.15625] [160.3615264892578, 182.07567596435547] (245.63518524169922, 188.15625) (-85.2736587524414,-6.080574035644531)
[161.5910415649414, 181.82962799072266] [182.80736541748047, 175.7430877685547] (243.5910415649414, 181.82962799072266) (-60.78367614746094,-6.086540222167969)
[178.62265014648438, 173.2042694091797] [178.62265014648438, 173.2042694091797] (178.62265014648438, 142.2042694091797) (0.0,31.0)
[183.97100067138672, 173.43002319335938] [204.0916519165039, 168.0444107055664] (246.97100067138672, 173.43002319335938) (-42.87934875488281,-5.385612487792969)
[204.0916519165039, 168.0444107055664] [228.21492767333984, 162.1558074951172] (242.0916519165039, 168.0444107055664) (-13.876724243164062,-5.888603210449219)
[229.06868743896484, 161.92398071289062] [230.9979705810547, 161.45574951171875] (243.06868743896484, 161.92398071289062) (-12.070716857910156,-0.468231201171875)
[225.68402862548828, 159.34334564208984] [225.6171646118164, 159.06600952148438] (225.68402862548828, 142.34334564208984) (-0.066864013671875,16.72266387939453)
[232.0, 159.75140380859375] [240.57333374023438, 157.4666976928711] (248.0, 159.75140380859375) (-7.426666259765625,-2.2847061157226562)
[237.93939208984375, 154.95680236816406] [237.89739227294922, 154.99109649658203] (237.93939208984375, 140.95680236816406) (-0.04199981689453125,14.034294128417969)
[246.7812728881836, 161.18724822998047] [246.7812728881836, 161.18724822998047] (246.7812728881836, 194.18724822998047) (0.0,-33.0)
[262.19801330566406, 185.49574279785156] [262.2145538330078, 185.46147918701172] (297.19801330566406, 185.49574279785156) (-34.98345947265625,-0.03426361083984375)
[258.8620147705078, 186.0673370361328] [258.90948486328125, 186.1006622314453] (258.8620147705078, 170.0673370361328) (0.0474700927734375,16.0333251953125)
[119.11880111694336, 28.408177375793457] [119.15542984008789, 28.364649772644043] (119.11880111694336, 39.40817737579346) (0.03662872314453125,-11.043527603149414)
[121.58009719848633, 26.176176071166992] [149.45513916015625, 27.182327270507812] (155.58009719848633, 26.176176071166992) (-6.124958038330078,1.0061511993408203)
[151.3643035888672, 28.61021327972412] [149.7088394165039, 46.64517021179199] (151.3643035888672, 61.61021327972412) (-1.6554641723632812,-14.965043067932129)
[151.58768463134766, 46.994117736816406] [261.77000427246094, 49.71500015258789] (265.58768463134766, 46.994117736816406) (-3.8176803588867188,2.7208824157714844)
[265.51124572753906, 52.38936805725098] [265.92652893066406, 147.10125732421875] (265.51124572753906, 150.38936805725098) (0.415283203125,-3.2881107330322266)
[126.00378799438477, 50.33001899719238] [268.45094299316406, 51.72314262390137] (273.00378799438477, 50.33001899719238) (-4.552845001220703,1.3931236267089844)
[271.41188049316406, 54.38214874267578] [266.58885192871094, 99.36649322509766] (271.41188049316406, 147.38214874267578) (-4.823028564453125,-48.015655517578125)
[250.7708282470703, 128.11151123046875] [250.82347106933594, 128.08143615722656] (260.7708282470703, 128.11151123046875) (-9.947357177734375,-0.0300750732421875)
[250.46036529541016, 129.93554306030273] [250.69949340820312, 139.9971694946289] (250.46036529541016, 146.93554306030273) (0.23912811279296875,-6.938373565673828)
[248.4708251953125, 139.7460174560547] [248.4708251953125, 139.7460174560547] (237.4708251953125, 139.7460174560547) (11.0,0.0)
[245.64751434326172, 170.79329681396484] [245.64751434326172, 170.79329681396484] (251.64751434326172, 170.79329681396484) (-6.0,0.0)
[217.59412384033203, 35.13107490539551] [218.55245208740234, 54.165658950805664] (217.59412384033203, 65.13107490539551) (0.9583282470703125,-10.965415954589844)
[220.9473419189453, 57.112552642822266] [260.4808349609375, 54.27717590332031] (265.9473419189453, 57.112552642822266) (-5.4665069580078125,-2.835376739501953)
[263.31719970703125, 56.94384765625] [263.17584228515625, 75.6748161315918] (263.31719970703125, 145.94384765625) (-0.141357421875,-70.2690315246582)
[263.31719970703125, 56.94384765625] [263.07704162597656, 80.65206909179688] (263.31719970703125, 145.94384765625) (-0.2401580810546875,-65.29177856445312)
[260.37315368652344, 133.65947723388672] [240.7946014404297, 133.0041275024414] (239.37315368652344, 133.65947723388672) (1.42144775390625,-0.6553497314453125)
[242.7105484008789, 163.71263122558594] [244.2954559326172, 163.53343200683594] (249.7105484008789, 163.71263122558594) (-5.415092468261719,-0.17919921875)
[261.78814697265625, 163.86471557617188] [261.75999450683594, 163.89563751220703] (261.78814697265625, 191.86471557617188) (-0.0281524658203125,-27.969078063964844)
[215.71226501464844, 164.72032165527344] [215.71226501464844, 164.72032165527344] (240.71226501464844, 164.72032165527344) (-25.0,0.0)
[215.71226501464844, 164.72032165527344] [239.75067138671875, 163.03289794921875] (240.71226501464844, 164.72032165527344) (-0.9615936279296875,-1.6874237060546875)
[239.41151428222656, 165.15292358398438] [239.4204330444336, 182.68305206298828] (239.41151428222656, 194.15292358398438) (0.00891876220703125,-11.469871520996094)
[242.16383361816406, 184.52554321289062] [264.3431396484375, 184.59967041015625] (291.16383361816406, 184.52554321289062) (-26.820693969726562,0.074127197265625)
[96.97740173339844, 136.88634490966797] [130.6663055419922, 133.04314422607422] (140.97740173339844, 136.88634490966797) (-10.31109619140625,-3.84320068359375)
[132.05738067626953, 133.09349060058594] [132.05738067626953, 133.09349060058594] (265.05738067626953, 133.09349060058594) (-133.0,0.0)
[131.48584747314453, 135.2856903076172] [131.48584747314453, 135.35115814208984] (131.48584747314453, 148.2856903076172) (0.0,-12.934532165527344)
[132.44162368774414, 134.006591796875] [167.42267608642578, 132.16366577148438] (265.44162368774414, 134.006591796875) (-98.01894760131836,-1.842926025390625)
[259.25, 133.75] [53.69453811645508, 189.75] (239.25, 133.75) (-185.55546188354492,56.0)
[56.10358238220215, 188.8567886352539] [134.29166412353516, 188.19871520996094] (124.10358238220215, 188.8567886352539) (10.188081741333008,-0.6580734252929688)
[131.9069595336914, 186.221435546875] [131.8682632446289, 185.57005310058594] (131.9069595336914, 175.221435546875) (-0.0386962890625,10.348617553710938)
[128.5007667541504, 187.71924591064453] [128.5007667541504, 187.71924591064453] (116.50076675415039, 187.71924591064453) (12.0,0.0)
[127.73825073242188, 185.86136627197266] [127.81716537475586, 185.78436279296875] (127.73825073242188, 174.86136627197266) (0.07891464233398438,10.922996520996094)
[127.80464935302734, 185.7482452392578] [127.62992858886719, 185.38272094726562] (127.80464935302734, 174.7482452392578) (-0.17472076416015625,10.634475708007812)
[124.3178825378418, 187.1317367553711] [124.16353225708008, 187.09122467041016] (118.3178825378418, 187.1317367553711) (5.845649719238281,-0.0405120849609375)
[123.05087661743164, 185.64122772216797] [122.81692504882812, 154.19632720947266] (123.05087661743164, 145.64122772216797) (-0.23395156860351562,8.555099487304688)
[121.00583267211914, 155.90225219726562] [120.45061111450195, 155.9822006225586] (119.00583267211914, 155.90225219726562) (1.4447784423828125,0.07994842529296875)
[120.94631576538086, 154.69375610351562] [121.06896591186523, 154.65421295166016] (122.94631576538086, 154.69375610351562) (-1.877349853515625,-0.03954315185546875)
[118.46551895141602, 152.86693572998047] [118.46551895141602, 152.86693572998047] (118.46551895141602, 45.86693572998047) (0.0,107.0)
[120.57513046264648, 153.2946548461914] [130.75, 153.1353302001953] (241.57513046264648, 153.2946548461914) (-110.82513046264648,-0.15932464599609375)
[126.21956634521484, 152.55325317382812] [126.1767349243164, 152.55661010742188] (117.21956634521484, 152.55325317382812) (8.957168579101562,0.00335693359375)
[125.65175247192383, 150.2941131591797] [125.64569091796875, 150.25924682617188] (125.65175247192383, 44.29411315917969) (-0.006061553955078125,105.96513366699219)
[125.69514465332031, 150.19384002685547] [125.7426643371582, 149.98904418945312] (125.69514465332031, 139.19384002685547) (0.047519683837890625,10.795204162597656)
[123.46518325805664, 151.83050537109375] [123.54302597045898, 151.83365631103516] (119.46518325805664, 151.83050537109375) (4.077842712402344,0.00315093994140625)
[123.54302597045898, 151.83365631103516] [108.98816299438477, 62.37978744506836] (111.54302597045898, 151.83365631103516) (-2.5548629760742188,-89.4538688659668)
[111.16780090332031, 61.516136169433594] [111.16780090332031, 61.516136169433594] (124.16780090332031, 61.516136169433594) (-13.0,0.0)
[109.57688522338867, 59.564876556396484] [109.5447883605957, 59.464176177978516] (109.57688522338867, 44.564876556396484) (-0.03209686279296875,14.899299621582031)
[112.1439208984375, 58.78080940246582] [112.15592956542969, 58.742483139038086] (125.1439208984375, 58.78080940246582) (-12.987991333007812,-0.038326263427734375)
[110.57677841186523, 56.53158950805664] [110.5511360168457, 56.39393997192383] (110.57677841186523, 44.53158950805664) (-0.02564239501953125,11.862350463867188)
[112.87564849853516, 55.6838321685791] [122.7852554321289, 54.70412063598633] (124.87564849853516, 55.6838321685791) (-2.09039306640625,-0.9797115325927734)
[122.70384216308594, 54.6869010925293] [122.70384216308594, 54.6869010925293] (132.70384216308594, 54.6869010925293) (-10.0,0.0)
[120.55168914794922, 51.79889106750488] [118.82129287719727, 29.82129192352295] (120.55168914794922, 43.79889106750488) (-1.7303962707519531,-13.977599143981934)
[120.18208312988281, 31.59294891357422] [121.02992248535156, 41.99978065490723] (120.18208312988281, 48.59294891357422) (0.84783935546875,-6.593168258666992)
[122.40988159179688, 38.91048622131348] [132.60230255126953, 37.649269104003906] (244.40988159179688, 38.91048622131348) (-111.80757904052734,-1.2612171173095703)
[132.48121643066406, 37.668291091918945] [160.189697265625, 34.76090431213379] (240.48121643066406, 37.668291091918945) (-80.29151916503906,-2.9073867797851562)
[160.189697265625, 34.76090431213379] [182.46339416503906, 31.544828414916992] (241.189697265625, 34.76090431213379) (-58.72630310058594,-3.216075897216797)
[179.97491455078125, 34.25412368774414] [186.2861099243164, 143.48909759521484] (179.97491455078125, 171.25412368774414) (6.311195373535156,-27.765026092529297)
[187.17642211914062, 141.64745330810547] [210.39305877685547, 139.50303649902344] (242.17642211914062, 141.64745330810547) (-31.783363342285156,-2.1444168090820312)
[210.39305877685547, 139.50303649902344] [245.04302978515625, 137.59139251708984] (242.39305877685547, 139.50303649902344) (2.6499710083007812,-1.9116439819335938)
[248.20712280273438, 151.50568389892578] [248.29460906982422, 151.5452651977539] (255.20712280273438, 151.50568389892578) (-6.912513732910156,0.039581298828125)
[248.27440643310547, 153.69046020507812] [248.28902435302734, 168.19123077392578] (248.27440643310547, 191.69046020507812) (0.014617919921875,-23.499229431152344)
[247.3846206665039, 178.27564239501953] [246.08277893066406, 167.9571762084961] (247.3846206665039, 168.27564239501953) (-1.3018417358398438,-0.3184661865234375)
[244.91063690185547, 164.46177673339844] [254.4581069946289, 164.18061065673828] (251.91063690185547, 164.46177673339844) (2.5474700927734375,-0.28116607666015625)
[61.98916053771973, 157.92241668701172] [133.90626525878906, 159.57804107666016] (123.98916053771973, 157.92241668701172) (9.917104721069336,1.6556243896484375)
[131.59539794921875, 157.93094635009766] [131.61767578125, 157.90069580078125] (131.59539794921875, 148.93094635009766) (0.02227783203125,8.969749450683594)
[129.3103485107422, 159.0603485107422] [129.3103485107422, 159.0603485107422] (117.31034851074219, 159.0603485107422) (12.0,0.0)
[128.67691040039062, 157.1397476196289] [128.7881622314453, 157.110595703125] (128.67691040039062, 146.1397476196289) (0.1112518310546875,10.970848083496094)
[91.36929702758789, 186.76217651367188] [128.2432403564453, 187.8624267578125] (122.36929702758789, 186.76217651367188) (5.873943328857422,1.100250244140625)
[129.48529052734375, 185.71568298339844] [129.48529052734375, 185.71568298339844] (129.48529052734375, 175.71568298339844) (0.0,10.0)
[129.48529052734375, 185.71568298339844] [129.4413833618164, 185.6717758178711] (129.48529052734375, 176.71568298339844) (-0.04390716552734375,8.956092834472656)
[125.76991271972656, 187.19174194335938] [125.76991271972656, 187.19174194335938] (116.76991271972656, 187.19174194335938) (9.0,0.0)
[125.36054611206055, 185.21939086914062] [125.38460159301758, 185.20005798339844] (125.36054611206055, 174.21939086914062) (0.02405548095703125,10.980667114257812)
[122.12866592407227, 186.6017608642578] [122.12866592407227, 186.6017608642578] (116.12866592407227, 186.6017608642578) (6.0,0.0)
[120.63945388793945, 185.15208435058594] [122.87936782836914, 148.30176544189453] (120.63945388793945, 141.15208435058594) (2.2399139404296875,7.149681091308594)
[122.87936782836914, 148.30176544189453] [122.87936782836914, 148.30176544189453] (122.87936782836914, 137.30176544189453) (0.0,11.0)
[68.76076316833496, 174.37044525146484] [105.859375, 176.203125] (119.76076316833496, 174.37044525146484) (-13.901388168334961,1.8326797485351562)
[128.26415252685547, 164.71697998046875] [128.25344848632812, 164.61003875732422] (128.26415252685547, 88.71697998046875) (-0.01070404052734375,75.89305877685547)
[128.25344848632812, 164.61003875732422] [128.1728401184082, 164.47518920898438] (128.25344848632812, 157.61003875732422) (-0.08060836791992188,6.865150451660156)
[124.56063461303711, 165.4693145751953] [124.56063461303711, 165.4693145751953] (115.56063461303711, 165.4693145751953) (9.0,0.0)
[124.4113883972168, 163.39380645751953] [124.4113883972168, 163.39380645751953] (124.4113883972168, 154.39380645751953) (0.0,9.0)
[124.4113883972168, 163.39380645751953] [124.4113883972168, 163.39380645751953] (124.4113883972168, 154.39380645751953) (0.0,9.0)
[65.03832626342773, 190.00904846191406] [65.41924285888672, 147.01031494140625] (65.03832626342773, 142.00904846191406) (0.3809165954589844,5.0012664794921875)
[68.00522041320801, 148.2138214111328] [106.22256088256836, 152.08699798583984] (251.005220413208, 148.2138214111328) (-144.78265953063965,3.8731765747070312)
[106.22256088256836, 152.08699798583984] [182.3349380493164, 155.75] (247.22256088256836, 152.08699798583984) (-64.88762283325195,3.6630020141601562)
[183.3881072998047, 153.95591735839844] [183.42584228515625, 153.94647979736328] (183.3881072998047, 137.95591735839844) (0.0377349853515625,15.990562438964844)
[183.280517578125, 152.12372589111328] [183.31929779052734, 152.15928649902344] (183.280517578125, 138.12372589111328) (0.03878021240234375,14.035560607910156)
[185.44908905029297, 152.73582458496094] [196.7550048828125, 152.67667388916016] (250.44908905029297, 152.73582458496094) (-53.69408416748047,-0.05915069580078125)
[194.78628540039062, 150.35397338867188] [194.78628540039062, 150.35397338867188] (194.78628540039062, 137.35397338867188) (0.0,13.0)
[197.57320404052734, 151.2118377685547] [220.8107452392578, 151.93730926513672] (248.57320404052734, 151.2118377685547) (-27.76245880126953,0.7254714965820312)
[218.43702697753906, 149.48625946044922] [218.39588928222656, 149.4723663330078] (218.43702697753906, 121.48625946044922) (-0.0411376953125,27.986106872558594)
[218.4554214477539, 149.44683074951172] [218.26007843017578, 139.54180908203125] (218.4554214477539, 130.44683074951172) (-0.195343017578125,9.094978332519531)
[220.79959869384766, 140.33917236328125] [232.0738983154297, 140.52074432373047] (250.79959869384766, 140.33917236328125) (-18.72570037841797,0.18157196044921875)
[230.63054656982422, 138.55308532714844] [230.33336639404297, 124.87621688842773] (230.63054656982422, 120.55308532714844) (-0.29718017578125,4.323131561279297)
[232.69632720947266, 126.38891220092773] [243.80529022216797, 127.5440673828125] (248.69632720947266, 126.38891220092773) (-4.8910369873046875,1.1551551818847656)
[242.80410766601562, 125.3996696472168] [242.75872802734375, 125.36507797241211] (242.80410766601562, 114.3996696472168) (-0.045379638671875,10.965408325195312)
[245.76109313964844, 125.69350814819336] [245.76109313964844, 125.69350814819336] (249.76109313964844, 125.69350814819336) (-4.0,0.0)
[245.94525909423828, 123.82408905029297] [250.2197494506836, 91.30691909790039] (245.94525909423828, 112.82408905029297) (4.2744903564453125,-21.517169952392578)
[250.11093139648438, 91.33627319335938] [249.71762084960938, 79.99864196777344] (250.11093139648438, 72.33627319335938) (-0.393310546875,7.6623687744140625)
[249.1724395751953, 80.78517532348633] [246.4556884765625, 80.44616317749023] (127.17243957519531, 80.78517532348633) (119.28324890136719,-0.33901214599609375)
[239.92786407470703, 77.84906768798828] [240.0880355834961, 67.99582481384277] (239.92786407470703, 69.84906768798828) (0.1601715087890625,-1.8532428741455078)
[238.72853088378906, 68.98501968383789] [208.41663360595703, 69.06634140014648] (145.72853088378906, 68.98501968383789) (62.68810272216797,0.08132171630859375)
[208.41663360595703, 69.06634140014648] [174.29279327392578, 66.3364143371582] (145.41663360595703, 69.06634140014648) (28.87615966796875,-2.7299270629882812)
[153.1231231689453, 181.39114379882812] [154.34569549560547, 150.80420684814453] (153.1231231689453, 148.39114379882812) (1.2225723266601562,2.4130630493164062)
[155.29945373535156, 152.0121612548828] [175.16815185546875, 154.90895080566406] (248.29945373535156, 152.0121612548828) (-73.13130187988281,2.89678955078125)
[173.2583465576172, 151.8298568725586] [173.2178497314453, 151.78936004638672] (173.2583465576172, 143.8298568725586) (-0.040496826171875,7.959503173828125)
[174.63397216796875, 152.5731430053711] [191.6091537475586, 153.98451232910156] (250.63397216796875, 152.5731430053711) (-59.024818420410156,1.4113693237304688)
[195.71165466308594, 152.49483489990234] [196.428466796875, 142.9395294189453] (195.71165466308594, 140.49483489990234) (0.7168121337890625,2.4446945190429688)
[265.3434600830078, 149.27068328857422] [275.0474548339844, 61.39223861694336] (265.3434600830078, 62.27068328857422) (9.703994750976562,-0.8784446716308594)
[273.7178955078125, 62.89301109313965] [189.5198745727539, 53.8577995300293] (156.7178955078125, 62.89301109313965) (32.801979064941406,-9.035211563110352)
[186.6746826171875, 53.61120414733887] [159.10565948486328, 50.65860176086426] (153.6746826171875, 53.61120414733887) (5.430976867675781,-2.9526023864746094)
[149.3492889404297, 49.33698844909668] [149.004638671875, 57.61819839477539] (149.3492889404297, 66.33698844909668) (-0.3446502685546875,-8.718790054321289)
