(238.5, 193.5915985107422) (162.3817138671875, 197.4516143798828) (160.5, 193.5915985107422) (1.8817138671875,3.860015869140625)
(237.2180938720703, 187.84262084960938) (188.90760803222656, 191.8514404296875) (195.2180938720703, 187.84262084960938) (-6.31048583984375,4.008819580078125)
(243.5, 190.5915985107422) (181.2630157470703, 191.8424530029297) (183.5, 190.5915985107422) (-2.2369842529296875,1.2508544921875)
(171.2320556640625, 188.9166717529297) (174.13922119140625, 163.65060424804688) (171.2320556640625, 158.9166717529297) (2.90716552734375,4.7339324951171875)
(172.1531524658203, 160.43887329101562) (121.4251937866211, 159.43307495117188) (118.15315246582031, 160.43887329101562) (3.2720413208007812,-1.00579833984375)
(120.68187713623047, 159.31051635742188) (117.52103424072266, 133.0226593017578) (120.68187713623047, 135.31051635742188) (-3.1608428955078125,-2.2878570556640625)
(245.1884002685547, 189.5836639404297) (99.68800354003906, 180.343994140625) (95.18840026855469, 189.5836639404297) (4.499603271484375,-9.239669799804688)
(91.10619354248047, 175.07080078125) (99.66057586669922, 134.2176513671875) (91.10619354248047, 133.07080078125) (8.55438232421875,1.1468505859375)
(98.78813934326172, 127.6836166381836) (98.89826202392578, 128.21151733398438) (92.78813934326172, 127.6836166381836) (6.1101226806640625,0.5279006958007812)
(99.66263580322266, 130.2083282470703) (100.28141784667969, 130.4385223388672) (99.66263580322266, 142.2083282470703) (0.6187820434570312,-11.769805908203125)
(97.92735290527344, 131.92735290527344) (94.37036895751953, 127.97481536865234) (97.92735290527344, 143.92735290527344) (-3.5569839477539062,-15.952537536621094)
(245.94921875, 183.5651092529297) (244.18002319335938, 131.6441650390625) (245.94921875, 129.5651092529297) (-1.769195556640625,2.0790557861328125)
(242.70799255371094, 127.21733093261719) (243.0718994140625, 128.67581176757812) (236.70799255371094, 127.21733093261719) (6.3639068603515625,1.4584808349609375)
(217.74632263183594, 188.72181701660156) (118.9933853149414, 189.10317993164062) (109.74632263183594, 188.72181701660156) (9.247062683105469,0.3813629150390625)
(87.52066040039062, 184.40908813476562) (88.69827270507812, 171.98275756835938) (87.52066040039062, 172.40908813476562) (1.1776123046875,-0.42633056640625)
(90.08917999267578, 172.24269104003906) (108.1866683959961, 176.32167053222656) (114.08917999267578, 172.24269104003906) (-5.9025115966796875,4.0789794921875)
(221.9952392578125, 196.49285888671875) (165.673095703125, 198.5662841796875) (173.9952392578125, 196.49285888671875) (-8.3221435546875,2.07342529296875)